-24062807916.0 78228600.0 937008.0 284141892.0 169083672.0 26658456.0 262315968.0 189342132.0 254146068.0 180498396.0 112455420.0 72745368.0 273936024.0 122776968.0 284300952.0 124338648.0 221637096.0 170671380.0 50118360.0 94678296.0 40152528.0 192315108.0 275948856.0 25822668.0 165948744.0 223777176.0 117325548.0 116154288.0 74017848.0 87326832.0 275714604.0 80733072.0 165428184.0 89860224.0 214065840.0 226544820.0 277117224.0 73806732.0 267573624.0 96853080.0 238118604.0 226998864.0 240678024.0 117987816.0 108860664.0 180512856.0 211434120.0 81947712.0 23245896.0 14757876.0 268597392.0 131776872.0 229425252.0 114367032.0 97017924.0 171287376.0 169985976.0 134272668.0 208278948.0 273059748.0 265841316.0 207286992.0 68450748.0 207775740.0 43943940.0 10333116.0 158461356.0 264447372.0 226533252.0 259799928.0 181773768.0 99672780.0 210366972.0 230107764.0 139235340.0 97451724.0 41051940.0 252700068.0 79865472.0 101931432.0 145305648.0 207420024.0 171799260.0 39857544.0 99638076.0 193740864.0 39250224.0 105372912.0 216000588.0 2874648.0 108519408.0 217591188.0 255323112.0 164867136.0 177649776.0 131773980.0 184550088.0 8832168.0 233173284.0 162267228.0 165569892.0 179382084.0 189619764.0 239310108.0 42292608.0 124222968.0 280231908.0 120741000.0 214334796.0 100667628.0 222912468.0 288621600.0 64561008.0 242777616.0 65873976.0 201942576.0 52897572.0 285648624.0 93778884.0 17858100.0 287117760.0 87884988.0 239790180.0 210132720.0 188153520.0 148125348.0 106040964.0 122114700.0 190715832.0 107038704.0 138095892.0 131857848.0 198532908.0 161882592.0 133734756.0 32213988.0 67554228.0 43223832.0 116368296.0 280373616.0 188847600.0 183442452.0 196005300.0 52955412.0 124089936.0 138639588.0 130380036.0 116070420.0 102310284.0 97327368.0 239602200.0 142300860.0 279838596.0 2839944.0 29750004.0 140235972.0 137077908.0 121918044.0 21690000.0 118340640.0 
78228600.0 -897426597200.0 35056800.0 10630758200.0 6326021200.0 997387600.0 9814172800.0 7083962200.0 9508507800.0 6753086600.0 4207357000.0 2721662800.0 10248920400.0 4593522800.0 10636709200.0 4651950800.0 8292231600.0 6385423000.0 1875106000.0 3542251600.0 1502248800.0 7195191800.0 10324227600.0 966117800.0 6208732400.0 8372299600.0 4389565800.0 4345744800.0 2769270800.0 3267207200.0 10315463400.0 3020511200.0 6189256400.0 3361990400.0 8008964000.0 8475847000.0 10367940400.0 2761372200.0 10010880400.0 3623618000.0 8908863400.0 8492834400.0 9004620400.0 4414343600.0 4072864400.0 6753627600.0 7910502000.0 3065955200.0 869711600.0 552144600.0 10049183200.0 4930241200.0 8583614200.0 4278877200.0 3629785400.0 6408469600.0 6359779600.0 5023617800.0 7792455800.0 10216135800.0 9946068600.0 7755343200.0 2560985800.0 7773629000.0 1644099000.0 386598600.0 5928602600.0 9893916200.0 8475414200.0 9720038800.0 6800802800.0 3729113000.0 7870576200.0 8609149400.0 5209289000.0 3646015400.0 1535899000.0 9454407800.0 2988051200.0 3813617200.0 5436400800.0 7760320400.0 6427621000.0 1491212400.0 3727814600.0 7248534400.0 1468490400.0 3942375200.0 8081349800.0 107550800.0 4060096800.0 8140859800.0 9552545200.0 6168265600.0 6646509600.0 4930133000.0 6904674800.0 330442800.0 8723841400.0 6070993800.0 6194558200.0 6711321400.0 7094349400.0 8953441800.0 1582316800.0 4647622800.0 10484471800.0 4517350000.0 8019026600.0 3766333800.0 8339947800.0 10798360000.0 2415456800.0 9083173600.0 2464579600.0 7555389600.0 1979086200.0 10687130400.0 3508601400.0 668135000.0 10742096000.0 3288089800.0 8971403000.0 7861812000.0 7039492000.0 5541895800.0 3967369400.0 4568745000.0 7135357200.0 4004698400.0 5166658200.0 4933270800.0 7427821800.0 6056603200.0 5003492600.0 1205239800.0 2527443800.0 1617157200.0 4353751600.0 10489773600.0 7065460000.0 6863234200.0 7333255000.0 1981250200.0 4642645600.0 5186999800.0 4877980600.0 4342607000.0 3827791400.0 3641362800.0 8964370000.0 5323981000.0 10469756600.0 106252400.0 1113053400.0 5246726200.0 5128571800.0 4561387400.0 811500000.0 4427544000.0 
937008.0 35056800.0 -10783850112.0 127333296.0 75771936.0 11946528.0 117552384.0 84850416.0 113891184.0 80887248.0 50394960.0 32599584.0 122759712.0 55020384.0 127404576.0 55720224.0 99322848.0 76483440.0 22459680.0 42428448.0 17993664.0 86182704.0 123661728.0 11571984.0 74367072.0 100281888.0 52577424.0 52052544.0 33169824.0 39134016.0 123556752.0 36179136.0 74133792.0 40269312.0 95929920.0 101522160.0 124185312.0 33075216.0 119908512.0 43403040.0 106708752.0 101725632.0 107855712.0 52874208.0 48784032.0 80893728.0 94750560.0 36723456.0 10417248.0 6613488.0 120367296.0 59053536.0 102812976.0 51251616.0 43476912.0 76759488.0 76176288.0 60171984.0 93336624.0 122367024.0 119132208.0 92892096.0 30675024.0 93111120.0 19692720.0 4630608.0 71011728.0 118507536.0 101516976.0 116424864.0 81458784.0 44666640.0 94272336.0 103118832.0 62395920.0 43671312.0 18396720.0 113243184.0 35790336.0 45678816.0 65116224.0 92951712.0 76988880.0 17861472.0 44651088.0 86821632.0 17589312.0 47221056.0 96796944.0 1288224.0 48631104.0 97509744.0 114418656.0 73882368.0 79610688.0 59052240.0 82702944.0 3957984.0 104492592.0 72717264.0 74197296.0 80386992.0 84974832.0 107242704.0 18952704.0 55668384.0 125581104.0 54108000.0 96050448.0 45112464.0 99894384.0 129340800.0 28931904.0 108796608.0 29520288.0 90497088.0 23705136.0 128008512.0 42025392.0 8002800.0 128666880.0 39384144.0 107457840.0 94167360.0 84317760.0 66379824.0 47520432.0 54723600.0 85466016.0 47967552.0 61885296.0 59089824.0 88969104.0 72544896.0 59930928.0 14436144.0 30273264.0 19370016.0 52148448.0 125644608.0 84628800.0 82206576.0 87836400.0 23731056.0 55608768.0 62128944.0 58427568.0 52014960.0 45848592.0 43615584.0 107373600.0 63769680.0 125404848.0 1272672.0 13331952.0 62844336.0 61429104.0 54635472.0 9720000.0 53032320.0 
284141892.0 10630758200.0 127333296.0 -3231650276780.0 22977371864.0 3622710872.0 35647034816.0 25730364884.0 34536798516.0 24528558652.0 15281960540.0 9885622616.0 37226124888.0 16684591816.0 38634651224.0 16896813976.0 30119040552.0 23193131060.0 6810759320.0 12866164952.0 5456467536.0 26134372996.0 37499655672.0 3509132716.0 22551355528.0 30409863512.0 15943779276.0 15784612656.0 10058544376.0 11867148784.0 37467822348.0 10971099664.0 22480614808.0 12211420288.0 29090156080.0 30785968340.0 37658429288.0 10029855084.0 36361516088.0 13161703960.0 32358770348.0 30847669968.0 32706578888.0 16033777192.0 14793456568.0 24530523672.0 28732522440.0 11136161344.0 3158966152.0 2005499412.0 36500639504.0 17907620264.0 31177400324.0 15541736184.0 13184105188.0 23276840912.0 23099989112.0 18246782716.0 28303755076.0 37107044676.0 36126106692.0 28168954704.0 9302011676.0 28235372380.0 5971695780.0 1404203292.0 21533868172.0 35936678764.0 30784396324.0 35305121336.0 24701873416.0 13544882860.0 28587503964.0 31270149268.0 18921177580.0 13243055788.0 5578691780.0 34340296516.0 10853198464.0 13851818984.0 19746092976.0 28187032888.0 23346402620.0 5416381128.0 13540166812.0 26328123968.0 5333850288.0 14319493744.0 29353075756.0 390645976.0 14747082096.0 29569227956.0 34696751144.0 22404372032.0 24141449712.0 17907227260.0 25079157256.0 1200234216.0 31686733508.0 22051061436.0 22499872004.0 24376859108.0 25768093268.0 32520687996.0 5747290496.0 16881093816.0 38081694596.0 16407917000.0 29126705452.0 13680076236.0 30292355316.0 39221799200.0 8773421296.0 32991899792.0 8951845112.0 27442683312.0 7188436164.0 38817791088.0 12743940708.0 2426799700.0 39017437120.0 11942998556.0 32585926660.0 28555670640.0 25568840240.0 20129271876.0 14410277668.0 16594593900.0 25917041784.0 14545864048.0 18766334004.0 17918624376.0 26979331596.0 21998791904.0 18173683972.0 4377671556.0 9180180436.0 5873837784.0 15813694952.0 38100951792.0 25663161200.0 24928636724.0 26635846100.0 7196296244.0 16863015632.0 18840218756.0 17717799332.0 15773215540.0 13903302508.0 13226156616.0 32560381400.0 19337761820.0 38028246052.0 385929928.0 4042832148.0 19057156964.0 18627996596.0 16567869628.0 2947530000.0 16081723680.0 
169083672.0 6326021200.0 75771936.0 22977371864.0 -1932355088720.0 2155758352.0 21212400256.0 15311309944.0 20551734456.0 14596153832.0 9093801640.0 5882615056.0 22152065808.0 9928462256.0 22990234384.0 10054748816.0 17922869232.0 13801483960.0 4052863120.0 7656239632.0 3246967776.0 15551722136.0 22314835152.0 2088171656.0 13419584048.0 18095928592.0 9487628616.0 9392913696.0 5985515216.0 7061757344.0 22295892168.0 6528547424.0 13377488528.0 7266622208.0 17310613280.0 18319736440.0 22409316208.0 5968443144.0 21637565008.0 7832105360.0 19255660168.0 18356453088.0 19462629808.0 9541183472.0 8803108688.0 14597323152.0 17097797040.0 6626770304.0 1879798832.0 1193407992.0 21720352864.0 10656247024.0 18552664984.0 9248385744.0 7845435608.0 13851296992.0 13746058192.0 10858071656.0 16842651416.0 22081205016.0 21497480472.0 16762436064.0 5535327016.0 16801959080.0 3553563480.0 835596072.0 12814110152.0 21384758024.0 18318800984.0 21008938576.0 14699287856.0 8060122760.0 17011501224.0 18607856888.0 11259382280.0 7880515208.0 3319699480.0 20434802456.0 6458388224.0 8242770544.0 11750262816.0 16773193808.0 13892690920.0 3223113648.0 8057316392.0 15667017088.0 3174002208.0 8521068704.0 17467068296.0 232460816.0 8775512736.0 17595693496.0 20646917104.0 13332118912.0 14365797792.0 10656013160.0 14923797296.0 714220656.0 18855752728.0 13121875176.0 13388947864.0 14505882328.0 15333760888.0 19352012136.0 3420027136.0 10045394256.0 22661187736.0 9763822000.0 17332362632.0 8140571976.0 18026003256.0 23339627200.0 5220779936.0 19632415072.0 5326954192.0 16330255392.0 4277606424.0 23099215008.0 7583507928.0 1444110200.0 23218017920.0 7106893096.0 19390833560.0 16992558240.0 15215191840.0 11978280216.0 8575091288.0 9874907400.0 15422395344.0 8655774368.0 11167239864.0 10662795216.0 16054529736.0 13090771264.0 10814572952.0 2605011096.0 5462829176.0 3495331344.0 9410219632.0 22672647072.0 15271319200.0 14834227384.0 15850132600.0 4282283704.0 10034636512.0 11211206296.0 10543290712.0 9386131640.0 8273406728.0 7870459056.0 19375632400.0 11507278120.0 22629382232.0 229654448.0 2405758968.0 11340299224.0 11084919736.0 9859004648.0 1753980000.0 9569714880.0 
26658456.0 997387600.0 11946528.0 3622710872.0 2155758352.0 -306479252816.0 3344437888.0 2414046712.0 3240274488.0 2301292136.0 1433767720.0 927478288.0 3492589584.0 1565363888.0 3624738832.0 1585274768.0 2825796336.0 2176001080.0 638991760.0 1207115536.0 511930848.0 2451951128.0 3518252496.0 329230088.0 2115789104.0 2853081616.0 1495860168.0 1480927008.0 943701968.0 1113386912.0 3515265864.0 1029318752.0 2109152144.0 1145686784.0 2729265440.0 2888368120.0 3533148784.0 941010312.0 3411471184.0 1234843280.0 3035929864.0 2894157024.0 3068561584.0 1504303856.0 1387935824.0 2301476496.0 2695711920.0 1044804992.0 296377136.0 188157816.0 3424523872.0 1680109552.0 2925092632.0 1458140112.0 1236944984.0 2183854816.0 2167262416.0 1711930088.0 2655484568.0 3481417368.0 3389384856.0 2642837472.0 872723368.0 2649068840.0 560270040.0 131743656.0 2020327496.0 3371612552.0 2888220632.0 3312359248.0 2317552688.0 1270793480.0 2682106152.0 2933794424.0 1775202440.0 1242475784.0 523398040.0 3221838488.0 1018257152.0 1299590512.0 1852596768.0 2644533584.0 2190381160.0 508169904.0 1270351016.0 2470129024.0 500426784.0 1343468192.0 2753932808.0 36650768.0 1383584928.0 2774212408.0 3255281392.0 2101998976.0 2264973216.0 1680072680.0 2352949808.0 112607088.0 2972878744.0 2068851048.0 2110958872.0 2287059544.0 2417586424.0 3051121128.0 539216128.0 1583799888.0 3572859928.0 1539406000.0 2732694536.0 1283477448.0 2842056888.0 3679825600.0 823130528.0 3095330656.0 839870416.0 2574698016.0 674425752.0 3641921184.0 1195648344.0 227684600.0 3660652160.0 1120503208.0 3057241880.0 2679119520.0 2398892320.0 1888546968.0 1351985624.0 1556920200.0 2431560912.0 1364706464.0 1760674872.0 1681141968.0 2531225928.0 2063947072.0 1705071896.0 410717208.0 861293048.0 551088912.0 1483655536.0 3574666656.0 2407741600.0 2338827832.0 2498999800.0 675163192.0 1582103776.0 1767606808.0 1662300376.0 1479857720.0 1304420744.0 1240890288.0 3054845200.0 1814286760.0 3567845336.0 36208304.0 379302264.0 1787960152.0 1747695928.0 1554412904.0 276540000.0 1508802240.0 
262315968.0 9814172800.0 117552384.0 35647034816.0 21212400256.0 3344437888.0 -2986154185472.0 23753926336.0 31883907264.0 22644435008.0 14108100160.0 9126273664.0 34366657152.0 15402990464.0 35666989696.0 15598911104.0 27805492608.0 21411586240.0 6287601280.0 11877870208.0 5037337344.0 24126901184.0 34619177088.0 3239584064.0 20819107712.0 28073976448.0 14719082304.0 14572141824.0 9285912704.0 10955591936.0 34589788992.0 10128371456.0 20753800832.0 11273418752.0 26855640320.0 28421191360.0 34765754752.0 9259427136.0 33568461952.0 12150707840.0 29873180992.0 28478153472.0 30194273152.0 14802167168.0 13657119872.0 22646249088.0 26525477760.0 10280754176.0 2916315008.0 1851450048.0 33696898816.0 16532073856.0 28782556096.0 14347921536.0 12171388352.0 21488866048.0 21325598848.0 16845184064.0 26129645504.0 34256723904.0 33351135168.0 26005199616.0 8587491904.0 26066515520.0 5512989120.0 1296341568.0 19879777088.0 33176257856.0 28419740096.0 32593212544.0 22804436864.0 12504453440.0 26391598656.0 28868180672.0 17467776320.0 12225810752.0 5150173120.0 31702499264.0 10019526656.0 12787812736.0 18229327104.0 26021889152.0 21553084480.0 5000330112.0 12500099648.0 24305769472.0 4924138752.0 13219563776.0 27098364224.0 360639104.0 13614307584.0 27297913024.0 32031573376.0 20683414528.0 22287061248.0 16531711040.0 23152740224.0 1108040064.0 29252765632.0 20357242944.0 20771578816.0 22504388032.0 23788756672.0 30022661184.0 5305821184.0 15584398464.0 35156507584.0 15147568000.0 26889382208.0 12629262144.0 27965494464.0 36209036800.0 8099504384.0 30457677568.0 8264222848.0 25334715648.0 6636267456.0 35836061952.0 11765034432.0 2240388800.0 36020372480.0 11025615424.0 30082888640.0 26362210560.0 23604808960.0 18583072704.0 13303374272.0 15319905600.0 23926263936.0 13428545792.0 17324826816.0 16542232704.0 24906955584.0 20308988416.0 16777700288.0 4041407424.0 8475018944.0 5422647936.0 14598990208.0 35174285568.0 23691884800.0 23013781696.0 24589854400.0 6643523776.0 15567708928.0 17393036224.0 16356833728.0 14561620160.0 12835341632.0 12210209664.0 30059305600.0 17852361280.0 35107164608.0 356285312.0 3732288192.0 17593310656.0 17197115584.0 15295234112.0 2721120000.0 14846430720.0 
189342132.0 7083962200.0 84850416.0 25730364884.0 15311309944.0 2414046712.0 23753926336.0 -2162042285900.0 23014104036.0 16344966092.0 10183359340.0 6587430136.0 24806176248.0 11118023336.0 25744768504.0 11259440696.0 20070265992.0 15455084260.0 4538449720.0 8573558392.0 3635997456.0 17415024116.0 24988447512.0 2338362236.0 15027427688.0 20264060152.0 10624371996.0 10518308976.0 6702659096.0 7907849264.0 24967234908.0 7310753744.0 14980288568.0 8137259648.0 19384653680.0 20514683140.0 25094248648.0 6683541564.0 24230031448.0 8770495160.0 21562742908.0 20555798928.0 21794510248.0 10684343432.0 9857837528.0 16346275512.0 19146339240.0 7420745024.0 2105023592.0 1336394052.0 24322738384.0 11933006344.0 20775519604.0 10356464664.0 8785422548.0 15510865552.0 15393017752.0 12159012236.0 18860623796.0 24726825396.0 24073162932.0 18770797584.0 6198532396.0 18815055980.0 3979327380.0 935711532.0 14349410012.0 23946934844.0 20513635604.0 23526087256.0 16460456936.0 9025832060.0 19049704044.0 20837324228.0 12608405180.0 8824705148.0 3717443380.0 22883162036.0 7232188544.0 9230363464.0 13158099696.0 18782844248.0 15557219020.0 3609285288.0 9022689452.0 17544132928.0 3554289648.0 9542005424.0 19559854076.0 260312696.0 9826935216.0 19703890276.0 23120690824.0 14929483072.0 16087010352.0 11932744460.0 16711865576.0 799793736.0 21114921268.0 14694049356.0 14993120884.0 16243878868.0 17170948228.0 21670639116.0 3829791616.0 11248965336.0 25376297716.0 10933657000.0 19409008892.0 9115920156.0 20185756836.0 26136023200.0 5846298416.0 21984638032.0 5965193752.0 18286835952.0 4790120244.0 25866806448.0 8492112468.0 1617133700.0 25999843520.0 7958392876.0 21714111860.0 19028491440.0 17038173040.0 13413436596.0 9602500628.0 11058051900.0 17270202264.0 9692850608.0 12505222884.0 11940339096.0 17978074716.0 14659218784.0 12110301812.0 2917125876.0 6117348356.0 3914118264.0 10537688392.0 25389130032.0 17101025200.0 16611564004.0 17749188100.0 4795357924.0 11236918672.0 12554457076.0 11806516372.0 10510714340.0 9264670268.0 8813444136.0 21697089400.0 12886002220.0 25340681492.0 257170088.0 2694000708.0 12699017044.0 12413039716.0 11040243788.0 1964130000.0 10716293280.0 
254146068.0 9508507800.0 113891184.0 34536798516.0 20551734456.0 3240274488.0 31883907264.0 23014104036.0 -2894142658572.0 21939168108.0 13668699660.0 8842033464.0 33296298552.0 14923260264.0 34556131896.0 15113078904.0 26939483208.0 20744716740.0 6091772280.0 11507930808.0 4880448144.0 23375462484.0 33540953688.0 3138686364.0 20170691112.0 27199605048.0 14260652604.0 14118288624.0 8996700504.0 10614377136.0 33512480892.0 9812920656.0 20107418232.0 10922305152.0 26019214320.0 27536005860.0 33682966152.0 8971039836.0 32522963352.0 11772270840.0 28942772892.0 27591193872.0 29253864552.0 14341149768.0 13231765272.0 21940925688.0 25699334760.0 9960557376.0 2825485608.0 1793786148.0 32647400016.0 16017178056.0 27886115796.0 13901051736.0 11792307252.0 20819589648.0 20661407448.0 16320536364.0 25315830804.0 33189789204.0 32312405268.0 25195260816.0 8320032204.0 25254667020.0 5341285620.0 1255966668.0 19260616188.0 32142974556.0 27534599796.0 31578088344.0 22094186664.0 12114998940.0 25569625356.0 27969073572.0 16923737820.0 11845034652.0 4989769620.0 30715116564.0 9707465856.0 12389532936.0 17661569904.0 25211430552.0 20881807980.0 4844593512.0 12110780748.0 23548759872.0 4770775152.0 12807836976.0 26254378524.0 349406904.0 13190286384.0 26447712324.0 31033941576.0 20039224128.0 21592924848.0 16016826540.0 22431642024.0 1073529864.0 28341680532.0 19723211244.0 20124642516.0 21803482932.0 23047849572.0 29087597484.0 5140569984.0 15099018264.0 34061548884.0 14675793000.0 26051905308.0 12235920444.0 27094501764.0 35081296800.0 7847243184.0 29509065168.0 8006831448.0 24545659248.0 6429579156.0 34719938352.0 11398609332.0 2170611300.0 34898508480.0 10682219724.0 29145949140.0 25541152560.0 22869630960.0 18004298004.0 12889037172.0 14842763100.0 23181074136.0 13010310192.0 16785240516.0 16027020504.0 24131221884.0 19676459616.0 16255154388.0 3915536724.0 8211062244.0 5253758136.0 14144300808.0 34078773168.0 22953994800.0 22297011396.0 23823996900.0 6436609476.0 15082848528.0 16851325524.0 15847395828.0 14108094660.0 12435581532.0 11829919464.0 29123100600.0 17296344780.0 34013742708.0 345188712.0 3616045092.0 17045362356.0 16661506884.0 14818860012.0 2636370000.0 14384034720.0 
180498396.0 6753086600.0 80887248.0 24528558652.0 14596153832.0 2301292136.0 22644435008.0 16344966092.0 21939168108.0 -2061821693516.0 9707718020.0 6279746408.0 23647536744.0 10598726008.0 24542289512.0 10733538088.0 19132829976.0 14733212780.0 4326469160.0 8173107176.0 3466168368.0 16601608348.0 23821294536.0 2229142708.0 14325531064.0 19317572456.0 10128131988.0 10027022928.0 6389593288.0 7538491792.0 23801072724.0 6969285232.0 14280593704.0 7757186944.0 18479241040.0 19556489420.0 23922153944.0 6371368692.0 23098302344.0 8360845480.0 20555596724.0 19595684784.0 20776538744.0 10185302296.0 9397400584.0 15582778536.0 18252057720.0 7074139072.0 2006702776.0 1273974156.0 23186679152.0 11375643032.0 19805142812.0 9872737992.0 8375075644.0 14786388656.0 14674045256.0 11591092708.0 17979687388.0 23571892188.0 22948760796.0 17894056752.0 5909013188.0 17936247940.0 3793462140.0 892006596.0 13679182036.0 22828428532.0 19555490812.0 22427237768.0 15691626808.0 8604256180.0 18159936132.0 19864060684.0 12019495540.0 8412523444.0 3543810140.0 21814342108.0 6894389632.0 8799234392.0 12543515088.0 17905540744.0 14830577060.0 3440703864.0 8601260356.0 16724686784.0 3388276944.0 9096320272.0 18646258228.0 248154088.0 9367941648.0 18783566828.0 22040776472.0 14232161216.0 15335623056.0 11375393380.0 15931292728.0 762437208.0 20128691804.0 14007724068.0 14292826652.0 15485164604.0 16368932684.0 20658453348.0 3650910848.0 10723552008.0 24191029148.0 10422971000.0 18502458676.0 8690136468.0 19242926508.0 24915269600.0 5573231248.0 20957786096.0 5686573256.0 17432699856.0 4566384732.0 24658627344.0 8095465404.0 1541601100.0 24785450560.0 7586674628.0 20699895580.0 18139714320.0 16242359120.0 12786925788.0 9153989884.0 10541555700.0 16463550792.0 9240119824.0 11921132652.0 11382633288.0 17138360148.0 13974520352.0 11544657436.0 2780873628.0 5831621068.0 3731298792.0 10045497176.0 24203262096.0 16302275600.0 15835676012.0 16920164300.0 4571377772.0 10712068016.0 11968067228.0 11255061116.0 10019783020.0 8831938804.0 8401788408.0 20683668200.0 12284126660.0 24157076476.0 245158264.0 2568170124.0 12105875132.0 11833255148.0 10524579364.0 1872390000.0 10215759840.0 
112455420.0 4207357000.0 50394960.0 15281960540.0 9093801640.0 1433767720.0 14108100160.0 10183359340.0 13668699660.0 9707718020.0 -1288230652940.0 3912453160.0 14733059880.0 6603295160.0 15290515240.0 6687286760.0 11920274520.0 9179193100.0 2695508200.0 5092068520.0 2159517360.0 10343254460.0 14841315720.0 1388816660.0 8925196280.0 12035374120.0 6310102260.0 6247108560.0 3980890760.0 4696685840.0 14828716980.0 4342054640.0 8897199080.0 4832938880.0 11513070800.0 12184225900.0 14904153880.0 3969536340.0 14390871880.0 5209034600.0 12806696980.0 12208645680.0 12944349880.0 6345720920.0 5854836680.0 9708495720.0 11371529400.0 4407381440.0 1250230520.0 793720620.0 14445933040.0 7087335640.0 12339143740.0 6150984840.0 5217900380.0 9212323120.0 9142330120.0 7221566660.0 11201835260.0 14685931260.0 14297703420.0 11148485040.0 3681476260.0 11174771300.0 2363430300.0 555744420.0 8522503220.0 14222733140.0 12183603740.0 13972780360.0 9776311160.0 5360686100.0 11314135140.0 12375851180.0 7488473300.0 5241231380.0 2207890300.0 13590929660.0 4295392640.0 5482162840.0 7814951760.0 11155639880.0 9239853700.0 2143652280.0 5358819620.0 10419935680.0 2110988880.0 5667255440.0 11617127060.0 154606760.0 5836482960.0 11702674060.0 13732004440.0 8867024320.0 9554511120.0 7087180100.0 9925629560.0 475019160.0 12540723580.0 8727193860.0 8904820540.0 9647679580.0 10198291180.0 12870779460.0 2274616960.0 6681065160.0 15071670460.0 6493795000.0 11527536020.0 5414191860.0 11988867660.0 15522892000.0 3472274960.0 13057271920.0 3542890120.0 10861047120.0 2844982140.0 15362996880.0 5043695580.0 960459500.0 15442011200.0 4726705060.0 12896599100.0 11301536400.0 10119432400.0 7966603260.0 5703185180.0 6567676500.0 10257240840.0 5756846480.0 7427190540.0 7091690760.0 10677665460.0 8706507040.0 7192636220.0 1732560060.0 3633258860.0 2324700840.0 6258618520.0 15079291920.0 10156762000.0 9866057740.0 10541723500.0 2848092940.0 6673910320.0 7456432060.0 7012209820.0 6242597900.0 5502538580.0 5234543160.0 12886489000.0 7653345700.0 15050517020.0 152740280.0 1600039980.0 7542290140.0 7372440460.0 6557099780.0 1166550000.0 6364696800.0 
72745368.0 2721662800.0 32599584.0 9885622616.0 5882615056.0 927478288.0 9126273664.0 6587430136.0 8842033464.0 6279746408.0 3912453160.0 -834714561872.0 9530548752.0 4271551664.0 9891156496.0 4325884304.0 7711009008.0 5937853240.0 1743675280.0 3293966608.0 1396952544.0 6690863384.0 9600577488.0 898400264.0 5773547312.0 7785464848.0 4081890504.0 4041141024.0 2575165904.0 3038200736.0 9592427592.0 2808796256.0 5755436432.0 3126340352.0 7447596320.0 7881754360.0 9641226352.0 2567820936.0 9309193552.0 3369629840.0 8284419592.0 7897551072.0 8373464752.0 4104931568.0 3787387472.0 6280249488.0 7356035760.0 2851054976.0 808751408.0 513443448.0 9344811616.0 4584668656.0 7981967896.0 3978960336.0 3375364952.0 5959284448.0 5914007248.0 4671500264.0 7246263704.0 9500062104.0 9248924568.0 7211752416.0 2381480104.0 7228756520.0 1528860120.0 359500968.0 5513052488.0 9200427656.0 7881351896.0 9038737744.0 6324118064.0 3467730440.0 7318908456.0 8005713272.0 4844157320.0 3390457352.0 1428244120.0 8791725464.0 2778611456.0 3546311536.0 5055350304.0 7216380752.0 5977093480.0 1386689712.0 3466523048.0 6740467072.0 1365560352.0 3666044576.0 7514908424.0 100012304.0 3775514784.0 7570247224.0 8882984176.0 5735916928.0 6180639648.0 4584568040.0 6420709424.0 307281264.0 8112366232.0 5645463144.0 5760366616.0 6240908632.0 6597089272.0 8325873384.0 1471408384.0 4321859664.0 9749589784.0 4200718000.0 7456953608.0 3502342344.0 7755380664.0 10041476800.0 2246151584.0 8446511968.0 2291831248.0 7025814048.0 1840367256.0 9938043552.0 3262675032.0 621303800.0 9989156480.0 3057619624.0 8342575640.0 7310758560.0 6546076960.0 5153450904.0 3689286872.0 4248510600.0 6635222736.0 3723999392.0 4804514616.0 4587485904.0 6907187784.0 5632081216.0 4652785688.0 1120761624.0 2350289144.0 1503806736.0 4048586608.0 9754519968.0 6570224800.0 6382173496.0 6819249400.0 1842379576.0 4317231328.0 4823430424.0 4536071128.0 4038223160.0 3559492232.0 3386130864.0 8336035600.0 4950810280.0 9735906008.0 98804912.0 1035036792.0 4878970456.0 4769097784.0 4241668712.0 754620000.0 4117206720.0 
273936024.0 10248920400.0 122759712.0 37226124888.0 22152065808.0 3492589584.0 34366657152.0 24806176248.0 33296298552.0 23647536744.0 14733059880.0 9530548752.0 -3116912280912.0 16085311152.0 37246963728.0 16289910672.0 29037218544.0 22360075320.0 6566129040.0 12404035344.0 5260480992.0 25195673112.0 36152735184.0 3383090952.0 21741351216.0 29317595664.0 15371107272.0 15217657632.0 9697259472.0 11440902048.0 36122045256.0 10577037408.0 21673151376.0 11772807936.0 28045289760.0 29680191480.0 36305805936.0 9669600648.0 35055475536.0 12688959120.0 31196501256.0 29739676896.0 31531817136.0 15457872624.0 14262102096.0 23649431184.0 27700501680.0 10736170368.0 3045501744.0 1933465464.0 35189601888.0 17264410608.0 30057563928.0 14983504848.0 12710555736.0 22440778464.0 22270278864.0 17591390952.0 27287134872.0 35774226072.0 34828521624.0 27157176288.0 8967900072.0 27221208360.0 5757203160.0 1353766824.0 20760410184.0 34645897608.0 29678675928.0 34037024592.0 23814626352.0 13058374920.0 27560692008.0 30146981496.0 18241562760.0 12767388936.0 5378315160.0 33106854552.0 10463371008.0 13354286448.0 19036848672.0 27174605136.0 22507841640.0 5221834416.0 13053828264.0 25382464896.0 5142267936.0 13805163168.0 28298765832.0 376614672.0 14217393312.0 28507154232.0 33450505968.0 21599647104.0 23274332064.0 17264031720.0 24178358832.0 1157123952.0 30548602776.0 21259026792.0 21691716888.0 23501285976.0 24842549496.0 31352603112.0 5540858112.0 16274755152.0 36713868312.0 15818574000.0 28080526344.0 13188712392.0 29204308152.0 37813022400.0 8458295712.0 31806889824.0 8630310864.0 26456991264.0 6930240408.0 37423525536.0 12286201176.0 2339633400.0 37616000640.0 11514027432.0 31415498520.0 27530002080.0 24650453280.0 19406264472.0 13892686296.0 15998545800.0 24986148048.0 14023402656.0 18092280888.0 17275019472.0 26010282312.0 21208634688.0 17520917784.0 4220433432.0 8850444792.0 5662860048.0 15245695344.0 36732433824.0 24741386400.0 24033244728.0 25679134200.0 6937818168.0 16257326304.0 18163511832.0 17081407704.0 15206669880.0 13403920776.0 12751096752.0 31390870800.0 18643184040.0 36662339544.0 372068016.0 3897620856.0 18372658008.0 17958912312.0 15972781416.0 2841660000.0 15504096960.0 
122776968.0 4593522800.0 55020384.0 16684591816.0 9928462256.0 1565363888.0 15402990464.0 11118023336.0 14923260264.0 10598726008.0 6603295160.0 4271551664.0 16085311152.0 -1405862851472.0 16693931696.0 7301069104.0 13014358608.0 10021691240.0 2942911280.0 5559436208.0 2357725344.0 11292594184.0 16203503088.0 1516287064.0 9744381712.0 13140022448.0 6889265304.0 6820489824.0 4346270704.0 5127763936.0 16189747992.0 4740583456.0 9713814832.0 5276522752.0 12569780320.0 13302536360.0 16272108752.0 4333874136.0 15711715952.0 5687137840.0 13982139992.0 13329197472.0 14132427152.0 6928153168.0 6392213872.0 10599575088.0 12415247760.0 4811906176.0 1364981008.0 866571048.0 15771830816.0 7737835856.0 13471673096.0 6715543536.0 5696817352.0 10057862048.0 9981444848.0 7884387064.0 12229978504.0 16033856904.0 15609996168.0 12171731616.0 4019374904.0 12200430520.0 2580354120.0 606752568.0 9304728088.0 15528144856.0 13301857096.0 15255250544.0 10673614864.0 5852708440.0 12352585656.0 13511749672.0 8175791320.0 5722289752.0 2410538120.0 14838352264.0 4689638656.0 5985334736.0 8532235104.0 12179543152.0 10087919480.0 2340404112.0 5850670648.0 11376313472.0 2304742752.0 6187415776.0 12683387224.0 168797104.0 6372175584.0 12776786024.0 14992375376.0 9680870528.0 10431457248.0 7737666040.0 10836638224.0 518618064.0 13691754632.0 9528205944.0 9722135816.0 10533177032.0 11134325672.0 14052104184.0 2483389184.0 7294276464.0 16455000584.0 7089818000.0 12585573208.0 5911125144.0 13089247464.0 16947636800.0 3790972384.0 14255713568.0 3868068848.0 11857911648.0 3106104456.0 16773065952.0 5506623432.0 1048613800.0 16859332480.0 5160538424.0 14080293640.0 12338830560.0 11048228960.0 8697805704.0 6226643272.0 7170480600.0 11198685936.0 6285229792.0 8108883816.0 7742590704.0 11657698584.0 9505620416.0 7852801288.0 1891580424.0 3966731944.0 2538069936.0 6833056208.0 16463321568.0 11088984800.0 10771598696.0 11509279400.0 3109500776.0 7286464928.0 8140809224.0 7655814728.0 6815565160.0 6007580632.0 5714987664.0 14069255600.0 8355796280.0 16431905608.0 166759312.0 1746897192.0 8234547656.0 8049108584.0 7158933112.0 1273620000.0 6948870720.0 
284300952.0 10636709200.0 127404576.0 38634651224.0 22990234384.0 3624738832.0 35666989696.0 25744768504.0 34556131896.0 24542289512.0 15290515240.0 9891156496.0 37246963728.0 16693931696.0 -3233437697360.0 16906272656.0 30135900912.0 23206114360.0 6814571920.0 12873367312.0 5459522016.0 26149002776.0 37520647632.0 3511097096.0 22563979568.0 30426886672.0 15952704456.0 15793448736.0 10064175056.0 11873791904.0 37488796488.0 10977241184.0 22493199248.0 12218256128.0 29106440480.0 30803202040.0 37679510128.0 10035469704.0 36381870928.0 13169071760.0 32376884488.0 30864938208.0 32724887728.0 16042752752.0 14801737808.0 24544255632.0 28748606640.0 11142395264.0 3160734512.0 2006622072.0 36521072224.0 17917644784.0 31194853144.0 15550436304.0 13191485528.0 23289871072.0 23112920272.0 18256997096.0 28319599256.0 37127816856.0 36146329752.0 28184723424.0 9307218856.0 28251178280.0 5975038680.0 1404989352.0 21545922632.0 35956795784.0 30801629144.0 35324884816.0 24715701296.0 13552465160.0 28603506984.0 31287654008.0 18931769480.0 13250469128.0 5581814680.0 34359519896.0 10859273984.0 13859573104.0 19757146656.0 28202811728.0 23359471720.0 5419413168.0 13547746472.0 26342862208.0 5336836128.0 14327509664.0 29369507336.0 390864656.0 14755337376.0 29585780536.0 34716174064.0 22416913792.0 24154963872.0 17917251560.0 25093196336.0 1200906096.0 31704471448.0 22063405416.0 22512467224.0 24390505048.0 25782518008.0 32538892776.0 5750507776.0 16890543696.0 38103012376.0 16417102000.0 29143010312.0 13687734216.0 30309312696.0 39243755200.0 8778332576.0 33010368352.0 8956856272.0 27458045472.0 7192460184.0 38839520928.0 12751074648.0 2428158200.0 39039278720.0 11949684136.0 32604167960.0 28571655840.0 25583153440.0 20140540056.0 14418344408.0 16603883400.0 25931549904.0 14554006688.0 18776839224.0 17928655056.0 26994434376.0 22011106624.0 18183857432.0 4380122136.0 9185319416.0 5877125904.0 15822547312.0 38122280352.0 25677527200.0 24942591544.0 26650756600.0 7200324664.0 16872455392.0 18850765336.0 17727717592.0 15782045240.0 13911085448.0 13233560496.0 32578608400.0 19348586920.0 38049533912.0 386145968.0 4045095288.0 19067824984.0 18638424376.0 16577144168.0 2949180000.0 16090726080.0 
124338648.0 4651950800.0 55720224.0 16896813976.0 10054748816.0 1585274768.0 15598911104.0 11259440696.0 15113078904.0 10733538088.0 6687286760.0 4325884304.0 16289910672.0 7301069104.0 16906272656.0 -1423652067152.0 13179896688.0 10149163640.0 2980344080.0 5630150288.0 2387714784.0 11436232024.0 16409605968.0 1535573704.0 9868326832.0 13307158928.0 6976894344.0 6907244064.0 4401553744.0 5192987296.0 16395675912.0 4800882016.0 9837371152.0 5343638272.0 12729663520.0 13471739960.0 16479084272.0 4388999496.0 15911563472.0 5759476240.0 14159987912.0 13498740192.0 14312186672.0 7016276848.0 6473520592.0 10734397968.0 12573165360.0 4873111936.0 1382343088.0 877593528.0 15972442976.0 7836258416.0 13643028056.0 6800962896.0 5769278872.0 10185794528.0 10108405328.0 7984673704.0 12385539544.0 16237801944.0 15808549848.0 12326551776.0 4070499944.0 12355615720.0 2613175320.0 614470248.0 9423080968.0 15725657416.0 13471052056.0 15449291984.0 10809379504.0 5927152840.0 12509706216.0 13683614392.0 8279784520.0 5795075272.0 2441199320.0 15027090904.0 4749289216.0 6061466096.0 8640762144.0 12334462672.0 10216234280.0 2370173232.0 5925089128.0 11521016192.0 2334058272.0 6266117536.0 12844715464.0 170944144.0 6453227424.0 12939302264.0 15183073136.0 9804007808.0 10564141728.0 7836086440.0 10974476464.0 525214704.0 13865908952.0 9649401384.0 9845797976.0 10667155352.0 11275950392.0 14230842024.0 2514977024.0 7387057104.0 16664302424.0 7179998000.0 12745657288.0 5986312584.0 13255738104.0 17163204800.0 3839192224.0 14437041248.0 3917269328.0 12008740128.0 3145613016.0 16986413472.0 5576665752.0 1061951800.0 17073777280.0 5226178664.0 14259390040.0 12495776160.0 11188758560.0 8808438744.0 6305843992.0 7261686600.0 11341129296.0 6365175712.0 8212025976.0 7841073744.0 11805980424.0 9626528576.0 7952686168.0 1915640664.0 4017187384.0 2570353296.0 6919970288.0 16672729248.0 11230032800.0 10908609656.0 11655673400.0 3149052536.0 7379146208.0 8244357464.0 7753194008.0 6902256760.0 6083994952.0 5787680304.0 14248211600.0 8462079080.0 16640913688.0 168880432.0 1769117112.0 8339288216.0 8151490424.0 7249992232.0 1289820000.0 7037257920.0 
221637096.0 8292231600.0 99322848.0 30119040552.0 17922869232.0 2825796336.0 27805492608.0 20070265992.0 26939483208.0 19132829976.0 11920274520.0 7711009008.0 29037218544.0 13014358608.0 30135900912.0 13179896688.0 -2527385744016.0 18091166280.0 5312546160.0 10035899376.0 4256167968.0 20385401448.0 29250578736.0 2737202808.0 17590566864.0 23720380656.0 12436508088.0 12312354528.0 7845891888.0 9256644192.0 29225748024.0 8557705632.0 17535387504.0 9525183744.0 22690979040.0 24013750920.0 29374425744.0 7823513592.0 28362804144.0 10266426480.0 25240572024.0 24061879584.0 25511870544.0 12506708496.0 11539230384.0 19134362736.0 22412016720.0 8686457472.0 2464064976.0 1564334856.0 28471323552.0 13968348432.0 24319076712.0 12122905392.0 10283899944.0 18156461856.0 18018513456.0 14232902808.0 22077568488.0 28944333288.0 28179179496.0 21972421152.0 7255779288.0 22024228440.0 4658057640.0 1095310296.0 16796903736.0 28031421432.0 24012524712.0 27538792368.0 19268019408.0 10565314680.0 22298899032.0 24391422984.0 14758946040.0 10329882744.0 4351505640.0 26786207208.0 8465740032.0 10804731792.0 15402398688.0 21986522544.0 18210721560.0 4224899664.0 10561636056.0 20536531584.0 4160523744.0 11169528672.0 22896062328.0 304712688.0 11503057248.0 23064665928.0 27064249872.0 17475916416.0 18830876256.0 13968041880.0 19562309328.0 936209808.0 24716368104.0 17200326168.0 17550408552.0 19014500904.0 20099694984.0 25366871448.0 4483016448.0 13167634608.0 29704582248.0 12798546000.0 22719488376.0 10670768568.0 23628721608.0 30593889600.0 6843466848.0 25734427296.0 6982641456.0 21405913056.0 5607142632.0 30278754144.0 9940561704.0 1892958600.0 30434482560.0 9315808728.0 25417759080.0 22274068320.0 19944273120.0 15701286888.0 11240342184.0 12944158200.0 20215878192.0 11346102624.0 14638164552.0 13976931888.0 21044488248.0 17159554752.0 14175884136.0 3414682728.0 7160748168.0 4581726192.0 12335039376.0 29719603296.0 20017845600.0 19444899912.0 20776561800.0 5613273672.0 13153533216.0 14695796328.0 13820283816.0 12303464520.0 10844890104.0 10316701008.0 25397833200.0 15083891160.0 29662891176.0 301034064.0 3153500424.0 14865013032.0 14530258248.0 12923312664.0 2299140000.0 12544107840.0 
170671380.0 6385423000.0 76483440.0 23193131060.0 13801483960.0 2176001080.0 21411586240.0 15455084260.0 20744716740.0 14733212780.0 9179193100.0 5937853240.0 22360075320.0 10021691240.0 23206114360.0 10149163640.0 18091166280.0 -1950370446860.0 4090919800.0 7728132280.0 3277457040.0 15697753940.0 22524373080.0 2107779740.0 13545594920.0 18265850680.0 9576718140.0 9481113840.0 6041719640.0 7128067760.0 22505252220.0 6589850960.0 13503104120.0 7334856320.0 17473161200.0 18491760100.0 22619741320.0 6024487260.0 21840743320.0 7905649400.0 19436472220.0 18528821520.0 19645385320.0 9630775880.0 8885770520.0 14734393080.0 17258346600.0 6688996160.0 1897450280.0 1204614180.0 21924308560.0 10756309960.0 18726875860.0 9335228760.0 7919104820.0 13981361680.0 13875134680.0 10960029740.0 17000805140.0 22288549140.0 21699343380.0 16919836560.0 5587304140.0 16959730700.0 3586931700.0 843442380.0 12934435580.0 21585562460.0 18490815860.0 21206214040.0 14837315240.0 8135807900.0 17171240460.0 18782586020.0 11365108700.0 7954513820.0 3350871700.0 20626686740.0 6519032960.0 8320170760.0 11860598640.0 16930695320.0 14023144300.0 3253378920.0 8132975180.0 15814131520.0 3203806320.0 8601082160.0 17631085340.0 234643640.0 8857915440.0 17760918340.0 20840793160.0 13457308480.0 14500693680.0 10756073900.0 15063932840.0 720927240.0 19032809620.0 13245090540.0 13514671060.0 14642093620.0 15477746020.0 19533728940.0 3452141440.0 10139721240.0 22873977940.0 9855505000.0 17495114780.0 8217012540.0 18195268740.0 23558788000.0 5269803440.0 19816764880.0 5376974680.0 16483597680.0 4317773460.0 23316118320.0 7654717620.0 1457670500.0 23436036800.0 7173627340.0 19572914900.0 17152119600.0 15358063600.0 12090757140.0 8655612020.0 9967633500.0 15567212760.0 8737052720.0 11272101060.0 10762919640.0 16205282940.0 13213694560.0 10916122580.0 2629472340.0 5514125540.0 3528152760.0 9498582280.0 22885544880.0 15414718000.0 14973521860.0 15998966500.0 4322494660.0 10128862480.0 11316480340.0 10642292980.0 9474268100.0 8351094620.0 7944363240.0 19557571000.0 11615332300.0 22841873780.0 231810920.0 2428349220.0 11446785460.0 11189007940.0 9951581420.0 1770450000.0 9659575200.0 
