-372198176784.0 3845088384.0 3356299896.0 2381506680.0 3371093592.0 1207595088.0 3545675112.0 865828896.0 1200516384.0 177961800.0 3340193856.0 2493374064.0 768317760.0 2926248744.0 597553968.0 2573228208.0 2497748544.0 1028281176.0 1995637776.0 2506020288.0 1482153360.0 2491624272.0 1328967024.0 1278580968.0 1791627936.0 2706252168.0 309196200.0 1476108624.0 3256442448.0 1699565016.0 274796880.0 2524591944.0 2856257064.0 3828783504.0 2892923160.0 1114140288.0 3852763608.0 2367031128.0 1281722640.0 2608224048.0 3472541760.0 1801132488.0 3878732112.0 3043206432.0 1386511320.0 1114776576.0 2532784152.0 1210259544.0 1690497912.0 154697520.0 1105709472.0 734833104.0 477295536.0 2749996968.0 174342912.0 2363849688.0 3794423952.0 2223985632.0 2184615312.0 1565785464.0 2408350080.0 3890940888.0 2543044296.0 3743799288.0 1419280152.0 2526500808.0 6521952.0 391038744.0 1742037240.0 438521736.0 3244512048.0 59333856.0 1388221344.0 818504976.0 996427008.0 1675823520.0 1323200664.0 3246142536.0 3941684856.0 2613910872.0 3549015624.0 354651024.0 968987088.0 1655462304.0 1090637400.0 1373745792.0 3798559824.0 2505662376.0 1312503072.0 697610256.0 2304635136.0 818186832.0 1573500456.0 3704786880.0 2830407864.0 302276568.0 3815262384.0 2511905952.0 2942354784.0 740917608.0 2701281168.0 1909142376.0 3150540264.0 7198008.0 954193392.0 1147585176.0 1486130160.0 50942808.0 3517638672.0 3159368760.0 500957496.0 1707757224.0 240437328.0 769351728.0 1888940232.0 598190256.0 1243187448.0 2083047840.0 1883253408.0 2229751992.0 1675664448.0 1862892192.0 3551918688.0 141574080.0 843161136.0 110952720.0 3818324520.0 2822016816.0 2303879544.0 1687594848.0 1825907952.0 2385602784.0 2311316160.0 3003438432.0 2211935928.0 1936979976.0 3479660232.0 1335608280.0 2041569816.0 2560144536.0 499525848.0 1074571128.0 3656269920.0 363598824.0 3595623720.0 2435432088.0 1846825920.0 2280615264.0 267877248.0 3465542592.0 1229348184.0 1753967640.0 1199482416.0 2840747544.0 2282921808.0 1156890888.0 2786305152.0 343714824.0 2868068160.0 1977861480.0 103874016.0 371313816.0 2353430472.0 3128787168.0 3628591392.0 3760979064.0 3485386824.0 3447289080.0 3815620296.0 1164168432.0 1751541792.0 2151647640.0 3512826744.0 2903700288.0 2477347560.0 875651592.0 1471972752.0 1212884232.0 1037388048.0 272013120.0 1977543336.0 656450376.0 3661240920.0 3842026248.0 665199336.0 2638209120.0 3688919448.0 359622024.0 2742878496.0 946677240.0 
3845088384.0 -3586154825984.0 32640708544.0 23160643520.0 32784580288.0 11744111232.0 34482421568.0 8420364544.0 11675269376.0 1730715200.0 32484073984.0 24248576896.0 7472048640.0 28458372416.0 5811335552.0 25025174912.0 24291119616.0 10000246464.0 19407988864.0 24371564032.0 14414247040.0 24231559808.0 12924478336.0 12434463552.0 17423951104.0 26318860352.0 3006996800.0 14355460736.0 31669574272.0 16528620224.0 2672456320.0 24552177216.0 27777688896.0 37235709056.0 28134274240.0 10835244032.0 37468920512.0 23019865792.0 12465016960.0 25365516672.0 33771184640.0 17516384832.0 37721469568.0 29595810048.0 13484108480.0 10841432064.0 24631848128.0 11770023616.0 16440440768.0 1504465280.0 10753252608.0 7146403456.0 4641797504.0 26744287552.0 1695520768.0 22988925632.0 36901555328.0 21628718848.0 21245834368.0 15227586496.0 23421701120.0 37840202432.0 24731630144.0 36409220032.0 13802792128.0 24570741312.0 63427328.0 3802932416.0 16941671360.0 4264714304.0 31553548672.0 577033984.0 13500738816.0 7960129664.0 9690458112.0 16297729280.0 12868399296.0 31569405504.0 38333697984.0 25420822208.0 34514908736.0 3449054336.0 9423599232.0 16099712256.0 10606673600.0 13359961088.0 36941777536.0 24368083264.0 12764363008.0 6784403584.0 22413051904.0 7957035648.0 15302616384.0 36029816320.0 27526300096.0 2939701952.0 37104213376.0 24428803328.0 28615006976.0 7205576512.0 26270516352.0 18566803264.0 30639653696.0 70002112.0 9279727488.0 11160502464.0 14452922240.0 495429312.0 34209761408.0 30725512640.0 4871914944.0 16608291136.0 2338302592.0 7482104192.0 18370333248.0 5817523584.0 12090254272.0 20258069760.0 18315027712.0 21684797888.0 16296182272.0 18117010688.0 34543141632.0 1376837120.0 8199915904.0 1079038080.0 37133993280.0 27444695424.0 22405703616.0 16412207872.0 17757331328.0 23200478976.0 22478026240.0 29209058048.0 21511532992.0 18837529664.0 33840413248.0 12989065920.0 19854687424.0 24897933504.0 4857991872.0 10450425792.0 35557978880.0 3536073536.0 34968182080.0 23685079232.0 17960762880.0 22179453696.0 2605161472.0 33703116288.0 11955664576.0 17057696960.0 11665213824.0 27626855616.0 22201885312.0 11251002432.0 27097392128.0 3342697536.0 27892554240.0 19235110720.0 1010196224.0 3611103424.0 22887596608.0 30428100352.0 35288799488.0 36576296896.0 33896105536.0 33525597120.0 37107694144.0 11321778048.0 17034105088.0 20925216960.0 34162964416.0 28239084032.0 24092715840.0 8515892288.0 14315238528.0 11795549248.0 10088812672.0 2645383680.0 19232016704.0 6384115264.0 35606322880.0 37364497472.0 6469200704.0 25657127680.0 35875502272.0 3497398336.0 26675058944.0 9206631360.0 
3356299896.0 32640708544.0 -3134431323404.0 20216457380.0 28616997172.0 10251197208.0 30099008492.0 7349965936.0 10191106544.0 1510706300.0 28354691296.0 21166092424.0 6522200160.0 24840737804.0 5072597288.0 21843969128.0 21203227104.0 8729012916.0 16940841016.0 21273445408.0 12581904760.0 21151238552.0 11281515784.0 10853791788.0 15209014576.0 22973200988.0 2624746700.0 12530591384.0 27643730968.0 14427498356.0 2332733080.0 21431099004.0 24246582924.0 32502297464.0 24557839060.0 9457865408.0 32705863028.0 20093575348.0 10880461240.0 22141046568.0 29478184160.0 15289698108.0 32926307992.0 25833584112.0 11770005620.0 9463266816.0 21500642132.0 10273815604.0 14350528292.0 1313217320.0 9386296752.0 6237951064.0 4051731176.0 23344547788.0 1479985792.0 20066568308.0 32210621432.0 18879271312.0 18545059192.0 13291852324.0 20444329280.0 33029947508.0 21587739836.0 31780871908.0 12048178132.0 21447303228.0 55364432.0 3319502804.0 14788042340.0 3722582876.0 27542454568.0 503681296.0 11784521904.0 6948236216.0 8458604928.0 14225958320.0 11232565524.0 27556295676.0 33460709796.0 22189321652.0 30127365884.0 3010609784.0 8225669208.0 14053113264.0 9258350900.0 11661639872.0 32245730584.0 21270407116.0 11141754352.0 5921968696.0 19563899776.0 6945535512.0 13357344396.0 31449698080.0 24027150724.0 2566006388.0 32387517544.0 21323408432.0 24977460944.0 6289602028.0 22931002488.0 16206587116.0 26744734124.0 61103428.0 8100086472.0 9741776916.0 12615663560.0 432450228.0 29861008952.0 26819678660.0 4252596036.0 14497041484.0 2041057048.0 6530977448.0 16035092412.0 5077998696.0 10553338468.0 17682859440.0 15986817328.0 18928221572.0 14224607968.0 15813972272.0 30152009808.0 1201813280.0 7157540776.0 941870520.0 32413511820.0 23955919656.0 19557485604.0 14325884368.0 15500015432.0 20251228944.0 19620614560.0 25495996112.0 18776982148.0 16442898716.0 29538612412.0 11337892980.0 17330755156.0 21732902676.0 4240442868.0 9121965348.0 31037840720.0 3086567084.0 30523019020.0 20674226708.0 15677586720.0 19359996624.0 2273992768.0 29418768672.0 10435857844.0 14889318740.0 10182329256.0 24114923604.0 19379576728.0 9820772508.0 23652765632.0 2917773084.0 24346846560.0 16789939180.0 881779856.0 3152059156.0 19978120252.0 26560073488.0 30802879472.0 31926709924.0 29587225084.0 29263815780.0 32390555836.0 9882551112.0 14868725872.0 18265198740.0 29820160804.0 24649325408.0 21030044460.0 7433350172.0 12495482232.0 10296096412.0 8806320568.0 2309101920.0 16787238476.0 5572565116.0 31080039220.0 32614714268.0 5646834476.0 22395587920.0 31315000468.0 3052808284.0 23284119536.0 8036282340.0 
2381506680.0 23160643520.0 20216457380.0 -2229948524300.0 20305566260.0 7273871640.0 21357146860.0 5215264880.0 7231233520.0 1071941500.0 20119443680.0 15018678920.0 4627912800.0 17626071820.0 3599328040.0 15499675240.0 15045028320.0 6193785780.0 12020596280.0 15094852640.0 8927655800.0 15008139160.0 8004947720.0 7701450540.0 10791756080.0 16300936540.0 1862423500.0 8891245720.0 19614972440.0 10237220980.0 1655221400.0 15206717820.0 17204481420.0 23062432120.0 17425337300.0 6710952640.0 23206874740.0 14257660340.0 7720374200.0 15710470440.0 20916632800.0 10849006140.0 23363294360.0 18330558960.0 8351562100.0 6714785280.0 15256063060.0 7289920820.0 10182605860.0 931810600.0 6660170160.0 4426220120.0 2874959080.0 16564430540.0 1050143360.0 14238497140.0 22855469560.0 13396034960.0 13158890360.0 9431408420.0 14506542400.0 23436833140.0 15317864380.0 22550535140.0 8548943060.0 15218215740.0 39284560.0 2355396820.0 10493049700.0 2641407580.0 19543110440.0 357393680.0 8361862320.0 4930212280.0 6001914240.0 10094215600.0 7970214420.0 19552931580.0 23742486180.0 15744724660.0 21377268220.0 2136217720.0 5836631640.0 9971571120.0 6569384500.0 8274669760.0 22880381720.0 15092696780.0 7905778160.0 4202010680.0 13881822080.0 4928295960.0 9477879180.0 22315546400.0 17048780420.0 1820743540.0 22980988520.0 15130304560.0 17723085520.0 4462869740.0 16270994040.0 11499596780.0 18977077420.0 43356740.0 5747522760.0 6912405780.0 8951609800.0 306850740.0 21188271160.0 19030255300.0 3017485380.0 10286566220.0 1448258840.0 4634140840.0 11377910460.0 3603160680.0 7488259940.0 12547105200.0 11343656240.0 13430768260.0 10093257440.0 11221011760.0 21394754640.0 852762400.0 5078727080.0 668316600.0 22999433100.0 16998237480.0 13877270820.0 10165119440.0 10998239560.0 14369525520.0 13922064800.0 18091018960.0 13323454340.0 11667274780.0 20959510460.0 8044950900.0 12297264980.0 15420866580.0 3008861940.0 6472610340.0 22023307600.0 2190114220.0 21658009100.0 14669669140.0 11124237600.0 13737139920.0 1613541440.0 20874473760.0 7404900020.0 10564911700.0 7225005480.0 17111060820.0 13751033240.0 6968458140.0 16783130560.0 2070344220.0 17275624800.0 11913521900.0 625678480.0 2236584980.0 14175737660.0 18846049040.0 21856587760.0 22654016420.0 20994004220.0 20764524900.0 22983144380.0 7012293960.0 10550299760.0 12960311700.0 21159286820.0 17490252640.0 14922144300.0 5274431260.0 8866333560.0 7305730460.0 6248640440.0 1638453600.0 11911605580.0 3954086780.0 22053250100.0 23142198940.0 4006785580.0 15891083600.0 22219969940.0 2166160220.0 16521552880.0 5702249700.0 
3371093592.0 32784580288.0 28616997172.0 20305566260.0 -3148120944236.0 10296381816.0 30231677084.0 7382362672.0 10236026288.0 1517365100.0 28479671392.0 21259387048.0 6550948320.0 24950229308.0 5094955976.0 21940251656.0 21296685408.0 8767488132.0 17015511832.0 21367213216.0 12637362520.0 21244467704.0 11331241768.0 10901632476.0 15276051952.0 23074460876.0 2636315900.0 12585822968.0 27765577336.0 14491091012.0 2343015160.0 21525561708.0 24353455548.0 32645559128.0 24666083620.0 9499553216.0 32850021956.0 20182142596.0 10928419480.0 22238638536.0 29608116320.0 15357091116.0 33071438584.0 25947451824.0 11821884740.0 9504978432.0 21595411364.0 10319099908.0 14413781684.0 1319005640.0 9427669104.0 6265446328.0 4069590152.0 23447444476.0 1486509184.0 20155016516.0 32352597464.0 18962486224.0 18626800984.0 13350439348.0 20534442560.0 33175534916.0 21682892972.0 31920953716.0 12101283364.0 21541837356.0 55608464.0 3334134308.0 14853224180.0 3738991052.0 27663854536.0 505901392.0 11836465008.0 6978862232.0 8495888256.0 14288662640.0 11282075748.0 27677756652.0 33608195892.0 22287126404.0 30260159468.0 3023879768.0 8261925816.0 14115055728.0 9299159300.0 11713041344.0 32387861368.0 21364161532.0 11190864304.0 5948071192.0 19650132352.0 6976149624.0 13416220092.0 31588320160.0 24133056148.0 2577316676.0 32530273288.0 21417396464.0 25087555088.0 6317324956.0 23032076376.0 16278021532.0 26862617948.0 61372756.0 8135789544.0 9784716132.0 12671270120.0 434356356.0 29992628504.0 26937892820.0 4271340372.0 14560940668.0 2050053496.0 6559764296.0 16105770924.0 5100381192.0 10599854836.0 17760800880.0 16057283056.0 19011652244.0 14287306336.0 15883676144.0 30284912016.0 1207110560.0 7189089352.0 946022040.0 32556382140.0 24061511112.0 19643689908.0 14389029136.0 15568335464.0 20340491088.0 19707097120.0 25608375824.0 18859746196.0 16515374732.0 29668810924.0 11387867460.0 17407144612.0 21828695652.0 4259133636.0 9162172596.0 31174647440.0 3100171868.0 30657556540.0 20765353316.0 15746689440.0 19445330448.0 2284015936.0 29548438944.0 10481856388.0 14954946980.0 10227210312.0 24221215908.0 19464996856.0 9864059916.0 23757020864.0 2930633868.0 24454161120.0 16863944860.0 885666512.0 3165952612.0 20066178604.0 26677143376.0 30938650544.0 32067434548.0 29717637868.0 29392803060.0 32533324972.0 9926110824.0 14934263344.0 18345706980.0 29951600308.0 24757973216.0 21122739420.0 7466114444.0 12550559064.0 10341478924.0 8845136536.0 2319279840.0 16861232252.0 5597127532.0 31217031940.0 32758471436.0 5671724252.0 22494301840.0 31453028836.0 3066264268.0 23386749872.0 8071704180.0 
1207595088.0 11744111232.0 10251197208.0 7273871640.0 10296381816.0 -1134329703696.0 10829608776.0 2644514208.0 3666755232.0 543551400.0 10202004288.0 7615549872.0 2346684480.0 8937685512.0 1825118064.0 7859449584.0 7628910912.0 3140694648.0 6095306448.0 7654175424.0 4526963280.0 7610205456.0 4059083952.0 3905189064.0 5472196128.0 8265746664.0 944382600.0 4508500752.0 9946201104.0 5191006968.0 839316240.0 7710899112.0 8723908872.0 11694310992.0 8835898680.0 3402935424.0 11767553784.0 7229658744.0 3914784720.0 7966337904.0 10606236480.0 5501226024.0 11846869776.0 9294911136.0 4234842360.0 3404878848.0 7735920696.0 3696513912.0 5163313176.0 472494960.0 3377185056.0 2244411792.0 1457810928.0 8399357064.0 532498176.0 7219941624.0 11589366096.0 6792752736.0 6672503376.0 4782402072.0 7355859840.0 11884159224.0 7767258408.0 11434742424.0 4334928696.0 7716729384.0 19920096.0 1194355512.0 5320730520.0 1339383528.0 9909761904.0 181224288.0 4240065312.0 2499972048.0 3043401984.0 5118492960.0 4041471672.0 9914741928.0 12039147288.0 7983707256.0 10839811752.0 1083215952.0 2959591824.0 5056303392.0 3331150200.0 4195852416.0 11601998352.0 7653082248.0 4008797856.0 2130721488.0 7039081728.0 2499000336.0 4805966088.0 11315586240.0 8644957272.0 923247864.0 11653013232.0 7672152096.0 8986878432.0 2262995784.0 8250563664.0 5831122248.0 9622742472.0 21984984.0 2914407216.0 3505086648.0 4539109680.0 155595384.0 10743976656.0 9649707480.0 1530082008.0 5216028552.0 734371344.0 2349842544.0 5769418536.0 1827061488.0 3797086104.0 6362284320.0 5752049184.0 6810365016.0 5118007104.0 5689859616.0 10848678624.0 432411840.0 2575279728.0 338884560.0 11662365960.0 8619328368.0 7036773912.0 5154446304.0 5576898096.0 7286382432.0 7059487680.0 9173447136.0 6755949144.0 5916147048.0 10627978536.0 4079368440.0 6235597368.0 7819487928.0 1525709304.0 3282078744.0 11167400160.0 1110545352.0 10982167560.0 7438576824.0 5640788160.0 6965717472.0 818181504.0 10584858816.0 3754816632.0 5357169720.0 3663597168.0 8676537912.0 6972762384.0 3533509224.0 8510253696.0 1049813352.0 8759983680.0 6041012040.0 317263968.0 1134109368.0 7188118056.0 9556301664.0 11082861216.0 11487214872.0 10645469352.0 10529106840.0 11654106408.0 3555737136.0 5349760416.0 6571809720.0 10729279512.0 8868815424.0 7566599880.0 2674515816.0 4495868496.0 3704530536.0 3168509904.0 830813760.0 6040040328.0 2005006248.0 11182583160.0 11734758504.0 2031728328.0 8057921760.0 11267122104.0 1098398952.0 8377615008.0 2891450520.0 
3545675112.0 34482421568.0 30099008492.0 21357146860.0 30231677084.0 10829608776.0 -3309589569356.0 7764678992.0 10766127568.0 1595946100.0 29954570912.0 22360363928.0 6890207520.0 26242346788.0 5358812536.0 23076489016.0 22399593888.0 9221537052.0 17896707752.0 22473774176.0 13291823720.0 22344671944.0 11918061848.0 11466204036.0 16067165072.0 24269436436.0 2772844900.0 13237615048.0 29203495496.0 15241552732.0 2464354760.0 22640323188.0 25614667428.0 34336200808.0 25943485820.0 9991514176.0 34551252316.0 21227331356.0 11494378280.0 23390328696.0 31141455520.0 16152401076.0 34784135624.0 27291213264.0 12434114140.0 9997220352.0 22713790204.0 10853503388.0 15160239724.0 1387314040.0 9915907344.0 6589920008.0 4280345272.0 24661736036.0 1563492224.0 21198800476.0 34028067304.0 19944511664.0 19591442024.0 14041829228.0 21597876160.0 34893622876.0 22805802292.0 33574069676.0 12727982204.0 22657441716.0 58488304.0 3506801788.0 15622439980.0 3932625172.0 29096504696.0 532100912.0 12449449488.0 7340282152.0 8935871616.0 15028641040.0 11866349628.0 29111126772.0 35348690412.0 23441327644.0 31827266548.0 3180479848.0 8689792776.0 14846043408.0 9780742300.0 12319633984.0 34065157448.0 22470564452.0 11770414544.0 6256108712.0 20667769472.0 7337429064.0 14111016612.0 33224209760.0 25382854028.0 2710790236.0 34214944568.0 22526556304.0 26386784368.0 6644485316.0 24224856936.0 17121024452.0 28253773828.0 64551116.0 8557124184.0 10291445052.0 13327487320.0 456850716.0 31545880744.0 28332947020.0 4492543692.0 15315019748.0 2156221256.0 6899480056.0 16939853364.0 5364518712.0 11148797996.0 18680593680.0 16888854416.0 19996223884.0 15027214496.0 16706256784.0 31853300976.0 1269624160.0 7561396472.0 995014440.0 34242405540.0 25307603832.0 20660993388.0 15134205296.0 16374585304.0 21393880368.0 20727684320.0 26934577264.0 19836450956.0 17370669652.0 31205293364.0 11977620060.0 18308622332.0 22959155772.0 4479704796.0 9636661356.0 32789113840.0 3260722948.0 32245243940.0 21840745276.0 16562175840.0 20452361328.0 2402300096.0 31078687584.0 11024688668.0 15729430780.0 10756855032.0 25475579388.0 20473046216.0 10374897876.0 24987344704.0 3082404948.0 25720588320.0 17737291460.0 931533232.0 3329910332.0 21105361844.0 28058693936.0 32540895184.0 33728136428.0 31256648948.0 30914991660.0 34218154292.0 10440162264.0 15707675984.0 19295790780.0 31502727788.0 26040134176.0 22216639620.0 7852768084.0 13200524904.0 10877041364.0 9303206696.0 2439390240.0 17734438372.0 5886990452.0 32833693340.0 34454960596.0 5965450372.0 23659232240.0 33081911996.0 3225059348.0 24597898192.0 8489719980.0 
865828896.0 8420364544.0 7349965936.0 5215264880.0 7382362672.0 2644514208.0 7764678992.0 -814047067904.0 2629012544.0 389718800.0 7314695296.0 5460243424.0 1682540160.0 6408196304.0 1308584288.0 5635116128.0 5469823104.0 2251834416.0 4370250016.0 5487937408.0 3245769760.0 5456411552.0 2910306784.0 2799966288.0 3923488576.0 5926425488.0 677109200.0 3232532384.0 7131287968.0 3721879856.0 601778080.0 5528607504.0 6254921424.0 8384658464.0 6335216560.0 2439857408.0 8437172528.0 5183564848.0 2806846240.0 5711753568.0 7604524160.0 3944302608.0 8494040992.0 6664322112.0 3036323120.0 2441250816.0 5546547632.0 2650349104.0 3702023792.0 338772320.0 2421394752.0 1609212064.0 1045230176.0 6022222288.0 381793792.0 5176597808.0 8309414432.0 4870309312.0 4784092192.0 3428915824.0 5274049280.0 8520777008.0 5569016336.0 8198551408.0 3108083632.0 5532787728.0 14282432.0 856336304.0 3814889840.0 960319376.0 7105161568.0 129935296.0 3040067904.0 1792445216.0 2182076928.0 3669888320.0 2897679024.0 7108732176.0 8631901296.0 5724207152.0 7771994384.0 776650784.0 2121986208.0 3625299264.0 2388388400.0 3008367872.0 8318471584.0 5487153616.0 2874252352.0 1527697696.0 5046923776.0 1791748512.0 3445810896.0 8113118080.0 6198314224.0 661955888.0 8355048544.0 5500826432.0 6443466944.0 1622536528.0 5915539488.0 4180833616.0 6899372624.0 15762928.0 2089589472.0 2513098416.0 3254478560.0 111559728.0 7703281952.0 6918706160.0 1097047536.0 3739819984.0 526534048.0 1684804448.0 4136592912.0 1309977696.0 2722457968.0 4561669440.0 4124139328.0 4882937072.0 3669539968.0 4079550272.0 7778351808.0 310033280.0 1846439776.0 242975520.0 8361754320.0 6179938656.0 5045269104.0 3695666368.0 3998558432.0 5224234944.0 5061554560.0 6577234112.0 4843921648.0 4241795216.0 7620112912.0 2924850480.0 4470836656.0 5606464176.0 1093912368.0 2353204848.0 8006870720.0 796245584.0 7874061520.0 5333356208.0 4044366720.0 4994322624.0 586624768.0 7589196672.0 2692151344.0 3841016240.0 2626748256.0 6220957104.0 4999373728.0 2533477008.0 6101733632.0 752701584.0 6280786560.0 4331321680.0 227473856.0 813140656.0 5153780752.0 6851735488.0 7946257472.0 8236173424.0 7632653584.0 7549223280.0 8355832336.0 2549414112.0 3835703872.0 4711896240.0 7692744304.0 6358817408.0 5425146960.0 1917590672.0 3223475232.0 2656096912.0 2271777568.0 595681920.0 4330624976.0 1437561616.0 8017756720.0 8413658768.0 1456720976.0 5777417920.0 8078369968.0 787536784.0 6006633536.0 2073129840.0 
1200516384.0 11675269376.0 10191106544.0 7231233520.0 10236026288.0 3666755232.0 10766127568.0 2629012544.0 -1127701961984.0 540365200.0 10142201984.0 7570908896.0 2332928640.0 8885294416.0 1814419552.0 7813378912.0 7584191616.0 3122284464.0 6059576864.0 7609308032.0 4500427040.0 7565595808.0 4035290336.0 3882297552.0 5440119104.0 8217294352.0 938846800.0 4482072736.0 9887898272.0 5160578224.0 834396320.0 7665699216.0 8672770896.0 11625761056.0 8784104240.0 3382988032.0 11698574512.0 7187279792.0 3891836960.0 7919640672.0 10544064640.0 5468978832.0 11777425568.0 9240426048.0 4210018480.0 3384920064.0 7690574128.0 3674845616.0 5133046768.0 469725280.0 3357388608.0 2231255456.0 1449265504.0 8350121552.0 529376768.0 7177619632.0 11521431328.0 6752934848.0 6633390368.0 4754368496.0 7312741120.0 11814496432.0 7721728144.0 11367714032.0 4309518128.0 7671495312.0 19803328.0 1187354416.0 5289541360.0 1331532304.0 9851672672.0 180161984.0 4215210816.0 2485317664.0 3025562112.0 5088489280.0 4017781296.0 9856623504.0 11968575984.0 7936908208.0 10776270736.0 1076866336.0 2942243232.0 5026664256.0 3311623600.0 4171257088.0 11533989536.0 7608221264.0 3985299008.0 2118231584.0 6997819904.0 2484351648.0 4777794384.0 11249256320.0 8594282096.0 917835952.0 11584705376.0 7627179328.0 8934198976.0 2249730512.0 8202200352.0 5796941264.0 9566335696.0 21856112.0 2897323488.0 3484540464.0 4512502240.0 154683312.0 10680997408.0 9593142640.0 1521112944.0 5185453136.0 730066592.0 2336068192.0 5735599248.0 1816351584.0 3774828272.0 6324989760.0 5718331712.0 6770443888.0 5088006272.0 5656506688.0 10785085632.0 429877120.0 2560183904.0 336898080.0 11594003280.0 8568803424.0 6995525616.0 5124231872.0 5544207328.0 7243670976.0 7018106240.0 9119674048.0 6716346992.0 5881467664.0 10565679248.0 4055455920.0 6199045424.0 7773651504.0 1516765872.0 3262839792.0 11101938880.0 1104035536.0 10917792080.0 7394973232.0 5607722880.0 6924885696.0 813385472.0 10522812288.0 3732806576.0 5325766960.0 3642121824.0 8625677616.0 6931889312.0 3512796432.0 8460368128.0 1043659536.0 8708634240.0 6005600720.0 315404224.0 1127461424.0 7145982608.0 9500284352.0 11017895488.0 11419878896.0 10583067536.0 10467387120.0 11585792144.0 3534894048.0 5318401088.0 6533286960.0 10666386416.0 8816828032.0 7522245840.0 2658838288.0 4469514528.0 3682815248.0 3149936672.0 825943680.0 6004634704.0 1993253264.0 11117032880.0 11665971472.0 2019818704.0 8010687680.0 11201076272.0 1091960336.0 8328506944.0 2874501360.0 
177961800.0 1730715200.0 1510706300.0 1071941500.0 1517365100.0 543551400.0 1595946100.0 389718800.0 540365200.0 -167628219500.0 1503456800.0 1122294200.0 345828000.0 1317135700.0 268965400.0 1158237400.0 1124263200.0 462840300.0 898257800.0 1127986400.0 667133000.0 1121506600.0 598182200.0 575502900.0 806430800.0 1218112900.0 139172500.0 664412200.0 1465759400.0 764992300.0 123689000.0 1136345700.0 1285631700.0 1723376200.0 1302135500.0 501486400.0 1734169900.0 1065425900.0 576917000.0 1173989400.0 1563028000.0 810708900.0 1745858600.0 1369779600.0 624083500.0 501772800.0 1140033100.0 544750700.0 760911100.0 69631000.0 497691600.0 330756200.0 214835800.0 1237802900.0 78473600.0 1063993900.0 1707910600.0 1001039600.0 983318600.0 704776700.0 1084024000.0 1751353900.0 1144651300.0 1685123900.0 638833100.0 1137204900.0 2935600.0 176010700.0 784109500.0 197383300.0 1460389400.0 26706800.0 624853200.0 368417800.0 448502400.0 754306000.0 595586700.0 1461123300.0 1774194300.0 1176549100.0 1597449700.0 159632200.0 436151400.0 745141200.0 490907500.0 618337600.0 1709772200.0 1127825300.0 590771600.0 314001800.0 1037340800.0 368274600.0 708249300.0 1667564000.0 1273996700.0 136057900.0 1717290200.0 1130635600.0 1324385200.0 333494900.0 1215875400.0 859325300.0 1418091700.0 3239900.0 429492600.0 516540300.0 668923000.0 22929900.0 1583326600.0 1422065500.0 225486300.0 768679700.0 108223400.0 346293400.0 850232100.0 269251800.0 559571900.0 937602000.0 847672400.0 1003635100.0 754234400.0 838507600.0 1598756400.0 63724000.0 379515800.0 49941000.0 1718668500.0 1270219800.0 1037000700.0 759604400.0 821860600.0 1073785200.0 1040348000.0 1351879600.0 995615900.0 871855300.0 1566232100.0 601171500.0 918932300.0 1152348300.0 224841900.0 483675900.0 1645726000.0 163659700.0 1618428500.0 1096213900.0 831276000.0 1026529200.0 120574400.0 1559877600.0 553342700.0 789479500.0 539899800.0 1278650700.0 1027567400.0 520728900.0 1254145600.0 154709700.0 1290948000.0 890256500.0 46754800.0 167132300.0 1059304100.0 1408300400.0 1633267600.0 1692856700.0 1568809700.0 1551661500.0 1717451300.0 524004600.0 788387600.0 968479500.0 1581160700.0 1306986400.0 1115080500.0 394140100.0 662550600.0 545932100.0 466939400.0 122436000.0 890113300.0 295475300.0 1647963500.0 1729336900.0 299413300.0 1187486000.0 1660421900.0 161869700.0 1234598800.0 426109500.0 
3340193856.0 32484073984.0 28354691296.0 20119443680.0 28479671392.0 10202004288.0 29954570912.0 7314695296.0 10142201984.0 1503456800.0 -3119526041984.0 21064521664.0 6490901760.0 24721533344.0 5048255168.0 21739145408.0 21101478144.0 8687124576.0 16859546176.0 21171359488.0 12521527360.0 21049739072.0 11227378624.0 10801707168.0 15136030336.0 22862958368.0 2612151200.0 12470460224.0 27511075648.0 14358264416.0 2321538880.0 21328256544.0 24130229664.0 32346327104.0 24439992160.0 9412479488.0 32548915808.0 19997151328.0 10828248640.0 22034797248.0 29336725760.0 15216326688.0 32768302912.0 25709615232.0 11713524320.0 9417854976.0 21397465952.0 10224514144.0 14281663712.0 1306915520.0 9341254272.0 6208016704.0 4032287936.0 23232523168.0 1472883712.0 19970273888.0 32056050752.0 18788674432.0 18456066112.0 13228068064.0 20346222080.0 32871445088.0 21484145696.0 31628363488.0 11990361952.0 21344383008.0 55098752.0 3303573344.0 14717078240.0 3704719136.0 27410285248.0 501264256.0 11727970944.0 6914893376.0 8418014208.0 14157691520.0 11178663264.0 27424059936.0 33300140256.0 22082840672.0 29982792224.0 2996162624.0 8186196288.0 13985675904.0 9213922400.0 11605678592.0 32090991424.0 21168335776.0 11088287872.0 5893550656.0 19470017536.0 6912205632.0 13293245856.0 31298778880.0 23911850464.0 2553692768.0 32232097984.0 21221082752.0 24857600384.0 6259419808.0 22820962368.0 16128815776.0 26616392864.0 60810208.0 8061216192.0 9695028576.0 12555124160.0 430375008.0 29717713472.0 26690977760.0 4232188896.0 14427473824.0 2031262528.0 6499636928.0 15958144032.0 5053630656.0 10502695648.0 17598003840.0 15910100608.0 18837389792.0 14156347648.0 15738084992.0 30007317888.0 1196046080.0 7123193536.0 937350720.0 32257967520.0 23840961216.0 19463634144.0 14257138048.0 15425634752.0 20154048384.0 19526460160.0 25373647232.0 18686876128.0 16363993376.0 29396864032.0 11283485280.0 17247589216.0 21628611936.0 4220094048.0 9078191328.0 30888897920.0 3071755424.0 30376546720.0 20575016288.0 15602353920.0 19267092864.0 2263080448.0 29277595392.0 10385778784.0 14817868640.0 10133466816.0 23999202144.0 19286579008.0 9773645088.0 23539261952.0 2903771424.0 24230012160.0 16709368480.0 877548416.0 3136933216.0 19882250272.0 26432618368.0 30655064192.0 31773501664.0 29445243424.0 29123386080.0 32235121696.0 9835127232.0 14797374592.0 18177548640.0 29677061344.0 24531039488.0 20929126560.0 7397679392.0 12435519552.0 10246688032.0 8764061248.0 2298021120.0 16706680736.0 5545823776.0 30930893920.0 32458204448.0 5619736736.0 22288117120.0 31164727648.0 3038158624.0 23172384896.0 7997718240.0 
2493374064.0 24248576896.0 21166092424.0 15018678920.0 21259387048.0 7615549872.0 22360363928.0 5460243424.0 7570908896.0 1122294200.0 21064521664.0 -2333991233744.0 4845301440.0 18454027736.0 3768400592.0 16227747152.0 15751743936.0 6484728744.0 12585244144.0 15803908672.0 9347017840.0 15713121968.0 8380967056.0 8063213592.0 11298681184.0 17066646392.0 1949907800.0 9308897456.0 20536353712.0 10718097704.0 1732972720.0 15921028536.0 18012633816.0 24145752176.0 18243864040.0 7026188672.0 24296979752.0 14927390632.0 8083026160.0 16448444112.0 21899157440.0 11358620472.0 24460746928.0 19191607008.0 8743863080.0 7030201344.0 15972691688.0 7632352936.0 10660917128.0 975580880.0 6973020768.0 4634134576.0 3010005584.0 17342517592.0 1099472128.0 14907327272.0 23929067888.0 14025291808.0 13777007728.0 9874433416.0 15187963520.0 24537740072.0 16037396024.0 23609809672.0 8950515688.0 15933066552.0 41129888.0 2466037736.0 10985943560.0 2765483384.0 20461116112.0 374181664.0 8754647136.0 5161800944.0 6283844352.0 10568374880.0 8344602216.0 20471398584.0 24857750664.0 16484307368.0 22381430456.0 2236563056.0 6110797872.0 10439969376.0 6877970600.0 8663358848.0 23955150256.0 15801651544.0 8277139168.0 4399393264.0 14533897984.0 5159794608.0 9923087064.0 23363782720.0 17849619016.0 1906269992.0 24060482896.0 15841025888.0 18555598496.0 4672505752.0 17035297392.0 12039771544.0 19868494616.0 45393352.0 6017503248.0 7237104744.0 9372097040.0 321264552.0 22183555568.0 19924170440.0 3159226824.0 10769760856.0 1516288432.0 4851822032.0 11912369208.0 3772413264.0 7840008712.0 13136484960.0 11876505952.0 14061656648.0 10567371712.0 11748100448.0 22399738272.0 892819520.0 5317291984.0 699709680.0 24079793880.0 17796701904.0 14529132936.0 10642609312.0 11514863888.0 15044510496.0 14576031040.0 18940815008.0 13949301832.0 12215325944.0 21944049208.0 8422849320.0 12874908904.0 16145236584.0 3150198312.0 6776650632.0 23057816480.0 2292991256.0 22675358680.0 15358752872.0 11646780480.0 14382419616.0 1689334912.0 21855018048.0 7752733096.0 11061181160.0 7564388304.0 17914824936.0 14396965552.0 7295790072.0 17571490688.0 2167595256.0 18087119040.0 12473140120.0 655068704.0 2341644904.0 14841619768.0 19731311392.0 22883265248.0 23718151816.0 21980163256.0 21739904520.0 24062740024.0 7341685008.0 11045882848.0 13569101160.0 22153209736.0 18311828672.0 15623087640.0 5522189048.0 9282815088.0 7648905208.0 6542160112.0 1715417280.0 12471133784.0 4139823544.0 23089165480.0 24229265912.0 4194997784.0 16637541280.0 23263716712.0 2267912056.0 17297625824.0 5970103560.0 
768317760.0 7472048640.0 6522200160.0 4627912800.0 6550948320.0 2346684480.0 6890207520.0 1682540160.0 2332928640.0 345828000.0 6490901760.0 4845301440.0 -722557180800.0 5686494240.0 1161209280.0 5000479680.0 4853802240.0 1998228960.0 3878064960.0 4869876480.0 2880225600.0 4841901120.0 2582543040.0 2484629280.0 3481618560.0 5258981280.0 600852000.0 2868479040.0 6328150080.0 3302715360.0 534004800.0 4905966240.0 5550481440.0 7440363840.0 5621733600.0 2165076480.0 7486963680.0 4599782880.0 2490734400.0 5068486080.0 6748089600.0 3500088480.0 7537427520.0 5913774720.0 2694367200.0 2166312960.0 4921885920.0 2351862240.0 3285095520.0 300619200.0 2148693120.0 1427979840.0 927514560.0 5343989280.0 338795520.0 4593600480.0 7373593920.0 4321806720.0 4245299520.0 3042745440.0 4680076800.0 7561152480.0 4941824160.0 7275216480.0 2758045920.0 4909675680.0 12673920.0 759894240.0 3385250400.0 852166560.0 6304966080.0 115301760.0 2697690240.0 1590576960.0 1936327680.0 3256579200.0 2571337440.0 6308134560.0 7659761760.0 5079537120.0 6896699040.0 689183040.0 1883004480.0 3217011840.0 2119404000.0 2669560320.0 7381631040.0 4869180960.0 2550549120.0 1355645760.0 4478530560.0 1589958720.0 3057737760.0 7199404800.0 5500249440.0 587405280.0 7414088640.0 4881313920.0 5717792640.0 1439803680.0 5249321280.0 3709980960.0 6122353440.0 13987680.0 1854256320.0 2230068960.0 2887953600.0 98995680.0 6835725120.0 6139509600.0 973496160.0 3318635040.0 467234880.0 1495058880.0 3670722720.0 1162445760.0 2415850080.0 4047926400.0 3659671680.0 4333012320.0 3256270080.0 3620104320.0 6902340480.0 275116800.0 1638490560.0 215611200.0 7420039200.0 5483943360.0 4477062240.0 3279454080.0 3548233920.0 4635872640.0 4491513600.0 5836494720.0 4298390880.0 3764076960.0 6761922720.0 2595448800.0 3967323360.0 4975054560.0 970714080.0 2088182880.0 7105123200.0 706571040.0 6987271200.0 4732704480.0 3588883200.0 4431853440.0 520558080.0 6734488320.0 2388956640.0 3408434400.0 2330919360.0 5520342240.0 4436335680.0 2248152480.0 5414545920.0 667931040.0 5573433600.0 3843520800.0 201855360.0 721563360.0 4573353120.0 6080081280.0 7051336320.0 7308601440.0 6773051040.0 6699016800.0 7414784160.0 2262294720.0 3403720320.0 4181234400.0 6826374240.0 5642676480.0 4814157600.0 1701628320.0 2860441920.0 2356962720.0 2015926080.0 528595200.0 3842902560.0 1275660960.0 7114783200.0 7466098080.0 1292662560.0 5126755200.0 7168570080.0 698843040.0 5330156160.0 1839650400.0 
2926248744.0 28458372416.0 24840737804.0 17626071820.0 24950229308.0 8937685512.0 26242346788.0 6408196304.0 8885294416.0 1317135700.0 24721533344.0 18454027736.0 5686494240.0 -2735991656204.0 4422632632.0 19045046392.0 18486404256.0 7610542524.0 14770168424.0 18547625312.0 10969753640.0 18441077128.0 9835986776.0 9463068132.0 13260245264.0 20029586932.0 2288431300.0 10925015176.0 24101670152.0 12578866684.0 2033834120.0 18685078356.0 21139807236.0 28337696296.0 21411181340.0 8246005312.0 28515178492.0 17518934972.0 9486320360.0 19304058552.0 25701070240.0 13330590612.0 28707377288.0 22523461968.0 10261885180.0 8250714624.0 18745710748.0 8957405756.0 12511758988.0 1144951480.0 8183606928.0 5438666696.0 3532572664.0 20353352132.0 1290351488.0 17495388412.0 28083393448.0 16460222768.0 16168834088.0 11588733836.0 17824745920.0 28797737212.0 18821648404.0 27708708812.0 10504414748.0 18699206292.0 48270448.0 2894166556.0 12893213260.0 3245598964.0 24013370552.0 439143344.0 10274541456.0 6057941224.0 7374782592.0 12403150480.0 9793308636.0 24025438164.0 29173304844.0 19346148028.0 26267070676.0 2624852776.0 7171693512.0 12252452496.0 8072055100.0 10167404608.0 28114003976.0 18544976324.0 9714133328.0 5163171944.0 17057128064.0 6055586568.0 11645834244.0 27419969120.0 20948491436.0 2237217532.0 28237623416.0 18591186448.0 21777036016.0 5483699492.0 19992795432.0 14129996324.0 23317864036.0 53274092.0 7062202008.0 8493538524.0 10999186840.0 377039292.0 26034842728.0 23383205740.0 3707700204.0 12639499076.0 1779531272.0 5694146872.0 13980475668.0 4427341944.0 9201112652.0 15417110160.0 13938386192.0 16502900908.0 12401973152.0 13787688208.0 26288556912.0 1047821920.0 6240427064.0 821186280.0 28260286980.0 20886387384.0 17051535756.0 12490272752.0 13513959448.0 17656388016.0 17106575840.0 22229129968.0 16371040172.0 14336028724.0 25753755668.0 9885140220.0 15110121884.0 18948211164.0 3697104252.0 7953144972.0 27060884080.0 2691077476.0 26612027780.0 18025186012.0 13668778080.0 16879351536.0 1982620352.0 25649267808.0 9098685116.0 12981512860.0 8877641784.0 21025017756.0 16896422792.0 8562412212.0 20622077248.0 2543911476.0 21227223840.0 14638602020.0 768795184.0 2748177884.0 17418273428.0 23156864432.0 26856029008.0 27835860236.0 25796139476.0 25514169420.0 28240272404.0 8616274968.0 12963558608.0 15924832860.0 25999228556.0 21490945312.0 18335411940.0 6480896308.0 10894404648.0 8976831668.0 7677944552.0 2013230880.0 14636247364.0 4858538324.0 27097675580.0 28435708852.0 4923291364.0 19525984880.0 27302530652.0 2661644276.0 20300666704.0 7006573260.0 
597553968.0 5811335552.0 5072597288.0 3599328040.0 5094955976.0 1825118064.0 5358812536.0 1308584288.0 1814419552.0 268965400.0 5048255168.0 3768400592.0 1161209280.0 4422632632.0 -562222072016.0 3889089424.0 3775012032.0 1554109128.0 3016138928.0 3787513664.0 2240076080.0 3765756016.0 2008555472.0 1932403704.0 2707805408.0 4090137304.0 467308600.0 2230940272.0 4921676144.0 2568664648.0 415318640.0 3815582232.0 4316849592.0 5786692912.0 4372265480.0 1683873664.0 5822935624.0 3577450184.0 1937151920.0 3941980944.0 5248281280.0 2722170264.0 5862183536.0 4599398496.0 2095525960.0 1684835328.0 3827963656.0 1829145032.0 2554960936.0 233804560.0 1671131616.0 1110601712.0 721368208.0 4156251704.0 263495936.0 3572641864.0 5734763056.0 3361256096.0 3301753136.0 2366474792.0 3639898240.0 5880635464.0 3843470488.0 5658250664.0 2145051656.0 3818467224.0 9857056.0 591002632.0 2632855720.0 662766808.0 4903644944.0 89675168.0 2098110432.0 1237060528.0 1505965824.0 2532782560.0 1999840392.0 4906109208.0 5957328168.0 3950575816.0 5363861272.0 536007472.0 1464494064.0 2502009312.0 1648352200.0 2076232576.0 5741013872.0 3786972728.0 1983672416.0 1054344368.0 3483147008.0 1236579696.0 2378134968.0 5599288640.0 4277781992.0 456850504.0 5766257552.0 3796409056.0 4446974752.0 1119797624.0 4082624304.0 2885412728.0 4761619192.0 10878824.0 1442135376.0 1734421128.0 2246086480.0 76993224.0 5316439216.0 4774962280.0 757130088.0 2581046072.0 363388784.0 1162771984.0 2854879896.0 904084368.0 1878911144.0 3148247520.0 2846285024.0 3369971176.0 2532542144.0 2815511776.0 5368248864.0 213970240.0 1274325008.0 167690160.0 5770885560.0 4265100048.0 3482005032.0 2550573344.0 2759615056.0 3605518752.0 3493244480.0 4539294496.0 3343044584.0 2927485528.0 5259039896.0 2018592840.0 3085559048.0 3869315208.0 754966344.0 1624070184.0 5525961760.0 549530872.0 5434303160.0 3680829064.0 2791229760.0 3446844192.0 404860544.0 5237702976.0 1857994952.0 2650886920.0 1812856848.0 4293409032.0 3450330224.0 1748485464.0 4211126656.0 519478872.0 4334700480.0 2989272440.0 156991648.0 561191048.0 3556894616.0 4728742304.0 5484129376.0 5684215592.0 5267694872.0 5210115240.0 5766798488.0 1759484496.0 2647220576.0 3251926920.0 5309166632.0 4388553664.0 3744178680.0 1323429976.0 2224689456.0 1833111896.0 1567872944.0 411111360.0 2988791608.0 992136728.0 5533474760.0 5806707544.0 1005359608.0 3987299360.0 5575307144.0 543520472.0 4145493088.0 1430775720.0 
