-96745300960.0 806354640.0 1504868960.0 1255874480.0 1047155200.0 276405920.0 150667440.0 121086000.0 839286560.0 972646080.0 1539137600.0 130981200.0 1372655200.0 1297278080.0 275780960.0 455491680.0 1079826720.0 178946880.0 784376880.0 1324498560.0 127057840.0 337860320.0 1580506480.0 1100814960.0 1273460160.0 1108383920.0 437003280.0 777623840.0 997904880.0 1445341520.0 1648384080.0 626053680.0 355446000.0 1536880800.0 613103120.0 375566240.0 23505440.0 164711680.0 956570720.0 1552053440.0 764951040.0 660131360.0 117370960.0 488874960.0 1253148960.0 1254260000.0 628657680.0 1001290080.0 634421200.0 695372160.0 1100589280.0 169937040.0 726498640.0 1085763840.0 242310880.0 738060400.0 1621597600.0 663082560.0 334405680.0 256355120.0 350012320.0 1315992160.0 431448080.0 990839360.0 1529138240.0 788716880.0 1373627360.0 683931920.0 11110400.0 1295403200.0 864909920.0 275329600.0 938377440.0 1217422080.0 1281133280.0 317010960.0 482486480.0 621435920.0 735126560.0 1169612640.0 824843040.0 66922800.0 1267349440.0 364820400.0 48625360.0 755125280.0 572775840.0 705041680.0 1216710320.0 1735809040.0 679019040.0 1290681280.0 1520076320.0 1115345280.0 586611760.0 117579280.0 1652498400.0 99733200.0 341141360.0 1510510960.0 1515701600.0 1078611520.0 233804480.0 554426320.0 1244312720.0 1699925920.0 180196800.0 376156480.0 357789600.0 458772720.0 836300640.0 241685920.0 1632274000.0 1317658720.0 1489123440.0 657944000.0 876246000.0 272274240.0 1513028160.0 176151920.0 
806354640.0 -1027596243492.0 16105912056.0 13441040028.0 11207214720.0 2958243912.0 1612523484.0 1295927100.0 8982493416.0 10409778288.0 16472673360.0 1401830820.0 14690889720.0 13884163488.0 2951555256.0 4874915448.0 11556882792.0 1915185168.0 8394820668.0 14175491616.0 1359840924.0 3615961752.0 16915425228.0 11781510156.0 13629251376.0 11862517212.0 4677042708.0 8322546024.0 10680111468.0 15468817572.0 17641887588.0 6700361148.0 3804173100.0 16448519880.0 6561757332.0 4019510664.0 251567784.0 1762832448.0 10237731192.0 16610905584.0 8186914944.0 7065078696.0 1256166756.0 5232201156.0 13411870056.0 13423761000.0 6728230548.0 10716341688.0 6789914820.0 7442244576.0 11779094808.0 1818757044.0 7775376804.0 11620425024.0 2593340568.0 7899116940.0 17355204360.0 7096664016.0 3578988348.0 2743649532.0 3746018952.0 14084451576.0 4617587988.0 10604492496.0 16365654864.0 8441269668.0 14701294296.0 7319805012.0 118909440.0 13864097520.0 9256728312.0 2946724560.0 10043016984.0 13029501888.0 13711373208.0 3392820756.0 5163828228.0 6650939412.0 7867717416.0 12517819704.0 8827911144.0 716243580.0 13563851184.0 3904502940.0 520414596.0 8081754408.0 6130153224.0 7545732948.0 13021884252.0 18577556244.0 7267224744.0 13813561008.0 16268669352.0 11937021408.0 6278232636.0 1258396308.0 17685921240.0 1067398020.0 3651077196.0 16166295756.0 16221848760.0 11543877072.0 2502300528.0 5933766852.0 13317299892.0 18193515912.0 1928562480.0 4025827728.0 3829255560.0 4910030892.0 8950536504.0 2586651912.0 17469468900.0 14102287992.0 15937395084.0 7041668400.0 9378053100.0 2914024464.0 16193236176.0 1885272012.0 
1504868960.0 16105912056.0 -1903811801760.0 25084501192.0 20915598080.0 5520857968.0 3009391176.0 2418539400.0 16763685424.0 19427372832.0 30742323040.0 2616183480.0 27417048080.0 25911485632.0 5508375184.0 9097869072.0 21568170288.0 3574237152.0 15666934152.0 26455180224.0 2537819336.0 6748331728.0 31568613992.0 21987383784.0 25435752864.0 22138564168.0 8728586712.0 15532050736.0 19931885352.0 28868865208.0 32924383032.0 12504628872.0 7099583400.0 30697246320.0 12245957848.0 7501459696.0 469491376.0 3289907072.0 19106287888.0 31000300576.0 15278927616.0 13185287344.0 2344336184.0 9764657784.0 25030062384.0 25052254000.0 12556640472.0 19999500432.0 12671759480.0 13889177664.0 21982876112.0 3394277016.0 14510889656.0 21686756736.0 4839852752.0 14741821160.0 32389357040.0 13244233824.0 6679329672.0 5120368648.0 6991052528.0 26285275664.0 8617628632.0 19790760544.0 30542598496.0 15753620152.0 27436465744.0 13660673368.0 221916160.0 25874037280.0 17275479568.0 5499359840.0 18742900176.0 24316463232.0 25589013712.0 6331892184.0 9637055992.0 12412394968.0 14683221424.0 23361530256.0 16475194416.0 1336698120.0 25313698976.0 7286825160.0 971229944.0 15082670512.0 11440471536.0 14082314072.0 24302246728.0 34670585816.0 13562544816.0 25779722912.0 30361598128.0 22277608512.0 11716826504.0 2348497112.0 33006561360.0 1992044280.0 6813866344.0 30170542184.0 30274218640.0 21543898208.0 4669948192.0 11073963128.0 24853569688.0 33953865968.0 3599202720.0 7513248992.0 7146393840.0 9163403688.0 16704045456.0 4827369968.0 32602604600.0 26318563088.0 29743353576.0 13141597600.0 17501903400.0 5438332896.0 30220820064.0 3518411368.0 
1255874480.0 13441040028.0 25084501192.0 -1592959003476.0 17454919040.0 4607380984.0 2511459588.0 2018369700.0 13989978712.0 16212934416.0 25655721520.0 2183311740.0 22880644040.0 21624190816.0 4596963592.0 7592542536.0 17999517144.0 2982846576.0 13074695076.0 22077926112.0 2117913668.0 5631757864.0 26345294996.0 18349367892.0 21227172432.0 18475534084.0 7284361356.0 12962129368.0 16633970676.0 24092244604.0 27476739516.0 10435622436.0 5924891700.0 25618103160.0 10219750924.0 6260273848.0 391809688.0 2745561536.0 15944975944.0 25871014288.0 12750887808.0 11003659672.0 1956444092.0 8149004892.0 20888607192.0 20907127000.0 10479028236.0 16690398216.0 10575099740.0 11591084832.0 18345606056.0 2832662508.0 12109928828.0 18098482368.0 4039054376.0 12302650580.0 27030238520.0 11052852912.0 5574172836.0 4273156324.0 5834318264.0 21936133832.0 7191762316.0 16516196272.0 25489043248.0 13147038076.0 22896848872.0 11400388684.0 185198080.0 21592938640.0 14417091784.0 4589439920.0 15641714088.0 20293079616.0 21355074856.0 5284222092.0 8042515996.0 10358649484.0 12253746712.0 19496149128.0 13749221208.0 1115529060.0 21125313488.0 6081152580.0 810530972.0 12587103256.0 9547539768.0 11752265036.0 20281215364.0 28934016908.0 11318496408.0 21514229456.0 25337991064.0 18591572256.0 9778169252.0 1959916556.0 27545320680.0 1662442140.0 5686449172.0 25178547092.0 25265069320.0 17979261104.0 3897262096.0 9241673564.0 20741316844.0 28335884984.0 3003681360.0 6270112496.0 5963956920.0 7647233844.0 13940206728.0 4028636984.0 27208202300.0 21963913544.0 24822040788.0 10967198800.0 14606051700.0 4538510448.0 25220506032.0 2936257684.0 
1047155200.0 11207214720.0 20915598080.0 17454919040.0 -1331119079680.0 3841660160.0 2094069120.0 1682928000.0 11664922880.0 13518435840.0 21391884800.0 1820457600.0 19078009600.0 18030371840.0 3832974080.0 6330704640.0 15008098560.0 2487114240.0 10901754240.0 18408698880.0 1765928320.0 4695791360.0 21966855040.0 15299806080.0 17699335680.0 15405004160.0 6073741440.0 10807896320.0 13869498240.0 20088248960.0 22910259840.0 8701280640.0 4940208000.0 21360518400.0 8521285760.0 5219851520.0 326693120.0 2289264640.0 13295010560.0 21571397120.0 10631761920.0 9174913280.0 1631294080.0 6794686080.0 17417038080.0 17432480000.0 8737472640.0 13916547840.0 8817577600.0 9664711680.0 15296669440.0 2361889920.0 10097326720.0 15090616320.0 3367786240.0 10258019200.0 22537964800.0 9215930880.0 4647776640.0 3562981760.0 4864687360.0 18290471680.0 5996531840.0 13771297280.0 21252907520.0 10962074240.0 19091521280.0 9505708160.0 154419200.0 18004313600.0 12021052160.0 3826700800.0 13042149120.0 16920483840.0 17805981440.0 4406014080.0 6705895040.0 8637100160.0 10217242880.0 16255998720.0 11464177920.0 930134400.0 17614405120.0 5070499200.0 675825280.0 10495197440.0 7960792320.0 9799104640.0 16910591360.0 24125345920.0 9437425920.0 17938685440.0 21126959360.0 15501757440.0 8153092480.0 1634189440.0 22967443200.0 1386153600.0 4741393280.0 20994014080.0 21066156800.0 14991208960.0 3249559040.0 7705759360.0 17294226560.0 23626620160.0 2504486400.0 5228055040.0 4972780800.0 6376306560.0 11623422720.0 3359100160.0 22686352000.0 18313634560.0 20696757120.0 9144512000.0 12178608000.0 3784235520.0 21028999680.0 2448268160.0 
276405920.0 2958243912.0 5520857968.0 4607380984.0 3841660160.0 -354188329152.0 552748152.0 444223800.0 3079060048.0 3568311264.0 5646578080.0 480525960.0 5035810160.0 4759276864.0 1011747568.0 1671045744.0 3961520976.0 656495904.0 2877614904.0 4859139648.0 466132472.0 1239495856.0 5798346584.0 4038519768.0 4671896928.0 4066287736.0 1603218024.0 2852840272.0 3660977304.0 5302471816.0 6047366664.0 2296780344.0 1304011800.0 5638298640.0 2249269096.0 1377826192.0 86233552.0 604271744.0 3509336176.0 5693961952.0 2806348032.0 2421799888.0 430594568.0 1793517768.0 4597381968.0 4601458000.0 2306333544.0 3673396464.0 2327477960.0 2551086528.0 4037691824.0 623441832.0 2665279112.0 3983302272.0 888957104.0 2707695320.0 5949096080.0 2432626848.0 1226821944.0 940480696.0 1284077456.0 4827932528.0 1582837864.0 3635056288.0 5609893792.0 2893536904.0 5039376688.0 2509116136.0 40760320.0 4752398560.0 3173063536.0 1010091680.0 3442591152.0 4466312064.0 4700047024.0 1163006568.0 1770080584.0 2279839336.0 2696932048.0 4290915312.0 3026071632.0 245517240.0 4649478752.0 1338403320.0 178390088.0 2770300624.0 2101321872.0 2586560744.0 4463700856.0 6368099432.0 2491092432.0 4735075424.0 5576648656.0 4091826624.0 2152081208.0 431358824.0 6062460720.0 365887560.0 1251532888.0 5541556568.0 5560599280.0 3957062816.0 857749984.0 2034003656.0 4564964776.0 6236456336.0 661081440.0 1379991584.0 1312609680.0 1683082776.0 3068105712.0 886664336.0 5988264200.0 4834046576.0 5463092952.0 2413775200.0 3214651800.0 998882592.0 5550791328.0 646242136.0 
150667440.0 1612523484.0 3009391176.0 2511459588.0 2094069120.0 552748152.0 -193317677652.0 242144100.0 1678379736.0 1945068048.0 3077920560.0 261932220.0 2744994120.0 2594257248.0 551498376.0 910878408.0 2159404632.0 357852528.0 1568573028.0 2648691936.0 254086404.0 675642792.0 3160648788.0 2201376276.0 2546626896.0 2216512452.0 873905868.0 1555068504.0 1995579828.0 2890350012.0 3296388348.0 1251963108.0 710810100.0 3073407480.0 1226064972.0 751045944.0 47005464.0 329385408.0 1912921032.0 3103749264.0 1529725824.0 1320110616.0 234714876.0 977637276.0 2506009176.0 2508231000.0 1257170508.0 2002349448.0 1268696220.0 1390584096.0 2200924968.0 339834924.0 1452829884.0 2171277504.0 484565928.0 1475950740.0 3242821560.0 1326012336.0 668734308.0 512651172.0 699943992.0 2631681096.0 862796748.0 1981450416.0 3057924144.0 1577252028.0 2746938216.0 1367706252.0 22218240.0 2590507920.0 1729620552.0 550595760.0 1876538664.0 2434563648.0 2561971368.0 633948876.0 964861788.0 1242728652.0 1470083736.0 2338955784.0 1649496024.0 133830180.0 2534406864.0 729556740.0 97239516.0 1510076568.0 1145419704.0 1409920908.0 2433140292.0 3471218124.0 1357881624.0 2581065168.0 3039802392.0 2230433568.0 1173088356.0 235131468.0 3304616040.0 199443420.0 682204116.0 3020673876.0 3031053960.0 2156974512.0 467555088.0 1108724892.0 2488338732.0 3399460152.0 360352080.0 752226288.0 715496760.0 917439732.0 1672408584.0 483316152.0 3264171900.0 2635013832.0 2977903764.0 1315736400.0 1752290100.0 544485744.0 3025707696.0 352263252.0 
121086000.0 1295927100.0 2418539400.0 2018369700.0 1682928000.0 444223800.0 242144100.0 -155410002900.0 1348853400.0 1563181200.0 2473614000.0 210505500.0 2206053000.0 2084911200.0 443219400.0 732040200.0 1735435800.0 287593200.0 1260605700.0 2128658400.0 204200100.0 542989800.0 2540099700.0 1769166900.0 2046632400.0 1781331300.0 702326700.0 1249752600.0 1603775700.0 2322870300.0 2649188700.0 1006157700.0 571252500.0 2469987000.0 985344300.0 603588600.0 37776600.0 264715200.0 1537345800.0 2494371600.0 1229385600.0 1060925400.0 188631900.0 785691900.0 2013989400.0 2015775000.0 1010342700.0 1609216200.0 1019605500.0 1117562400.0 1768804200.0 273113100.0 1167587100.0 1744977600.0 389428200.0 1186168500.0 2606139000.0 1065668400.0 537437700.0 411999300.0 562519800.0 2114987400.0 693398700.0 1592420400.0 2457543600.0 1267580700.0 2207615400.0 1099176300.0 17856000.0 2081898000.0 1390033800.0 442494000.0 1508106600.0 1956571200.0 2058964200.0 509481900.0 775424700.0 998736300.0 1181453400.0 1879734600.0 1325640600.0 107554500.0 2036811600.0 586318500.0 78147900.0 1213594200.0 920532600.0 1133102700.0 1955427300.0 2789693100.0 1091280600.0 2074309200.0 2442979800.0 1792519200.0 942768900.0 188966700.0 2655801000.0 160285500.0 548262900.0 2427606900.0 2435949000.0 1733482800.0 375757200.0 891042300.0 1999788300.0 2732023800.0 289602000.0 604537200.0 575019000.0 737313300.0 1344054600.0 388423800.0 2623297500.0 2117665800.0 2393234100.0 1057410000.0 1408252500.0 437583600.0 2431652400.0 283101300.0 
839286560.0 8982493416.0 16763685424.0 13989978712.0 11664922880.0 3079060048.0 1678379736.0 1348853400.0 -1069196929920.0 10834918752.0 17145425440.0 1459082280.0 15290872880.0 14451199552.0 3072098224.0 5074009392.0 12028871568.0 1993402272.0 8737669272.0 14754425664.0 1415377496.0 3763639408.0 17606259512.0 12262672824.0 14185876704.0 12346988248.0 4868055432.0 8662442896.0 11116292472.0 16100571688.0 18362390952.0 6974007192.0 3959537400.0 17120285520.0 6829742728.0 4183669456.0 261841936.0 1834827392.0 10655845168.0 17289303136.0 8521272576.0 7353619984.0 1307469224.0 5445886824.0 13959617424.0 13971994000.0 7003014792.0 11154002352.0 7067218280.0 7746189504.0 12260158832.0 1893035976.0 8092927016.0 12095008896.0 2699253872.0 8221720760.0 18063999440.0 7386495264.0 3725155992.0 2855701528.0 3899008208.0 14659667504.0 4806172552.0 11037585184.0 17034036256.0 8786015272.0 15301702384.0 7618749448.0 123765760.0 14430314080.0 9634777648.0 3067070240.0 10453178736.0 13561633152.0 14271352432.0 3531385224.0 5374721512.0 6922567048.0 8189038864.0 13029053616.0 9188447376.0 745495320.0 14117805536.0 4063964760.0 541668584.0 8411817232.0 6380511696.0 7853904392.0 13553704408.0 19336272776.0 7564021776.0 14377713632.0 16933089808.0 12424535232.0 6534638744.0 1309789832.0 18408222960.0 1110991080.0 3800188984.0 16826535224.0 16884357040.0 12015334688.0 2604495712.0 6176104808.0 13861184968.0 18936548048.0 2007325920.0 4190244512.0 3985644240.0 5110558968.0 9316080816.0 2692292048.0 18182930600.0 14678232368.0 16588286136.0 7329253600.0 9761057400.0 3033034656.0 16854575904.0 1962267448.0 
972646080.0 10409778288.0 19427372832.0 16212934416.0 13518435840.0 3568311264.0 1945068048.0 1563181200.0 10834918752.0 -1237366726176.0 19869769920.0 1690925040.0 17720535840.0 16747441536.0 3560243232.0 5880250656.0 13940214624.0 2310146496.0 10126052496.0 17098849152.0 1640275728.0 4361667744.0 20403828816.0 14211166032.0 16439959872.0 14308878864.0 5641571376.0 10038872928.0 12882630096.0 18658892784.0 21280106736.0 8082151056.0 4588693200.0 19840635360.0 7914963504.0 4848439008.0 303447648.0 2126374656.0 12349019424.0 20036509248.0 9875271168.0 8522082912.0 1515221232.0 6311218032.0 16177748832.0 16192092000.0 8115767856.0 12926331936.0 8190173040.0 8977030272.0 14208252576.0 2193832368.0 9378863088.0 14016860928.0 3128155296.0 9528121680.0 20934301920.0 8560181952.0 4317069456.0 3309461904.0 4518546144.0 16989034272.0 5569855536.0 12791416512.0 19740681408.0 10182080496.0 17733086112.0 8829340464.0 143431680.0 16723237440.0 11165708064.0 3554416320.0 12114150048.0 15716526336.0 16539017376.0 4092509232.0 6228744816.0 8022537264.0 9490246752.0 15099321888.0 10648457568.0 863951760.0 16361072448.0 4709713680.0 627737712.0 9748423776.0 7394351328.0 9101860656.0 15707337744.0 22408734768.0 8765916768.0 16662278976.0 19623694944.0 14398747776.0 7572968592.0 1517910576.0 21333221280.0 1287523440.0 4404024912.0 19500209232.0 19567218720.0 13924526784.0 3018340416.0 7157464944.0 16063675824.0 21945495264.0 2326282560.0 4856058816.0 4618948320.0 5922607824.0 10796371488.0 3120087264.0 21072130800.0 17010549024.0 19224103248.0 8493844800.0 11312053200.0 3514972608.0 19532705472.0 2274064464.0 
1539137600.0 16472673360.0 30742323040.0 25655721520.0 21391884800.0 5646578080.0 3077920560.0 2473614000.0 17145425440.0 19869769920.0 -1946465046240.0 2675758800.0 28041384800.0 26501537920.0 5633811040.0 9305044320.0 22059317280.0 3655629120.0 16023699120.0 27057613440.0 2595610160.0 6902003680.0 32287489520.0 22488077040.0 26014971840.0 22642700080.0 8927352720.0 15885744160.0 20385771120.0 29526262480.0 33674131920.0 12789382320.0 7261254000.0 31396279200.0 12524820880.0 7672281760.0 480182560.0 3364824320.0 19541373280.0 31706234560.0 15626856960.0 13485540640.0 2397721040.0 9987017040.0 25600043040.0 25622740000.0 12842578320.0 20454925920.0 12960318800.0 14205459840.0 22483466720.0 3471570960.0 14841329360.0 22180604160.0 4950065120.0 15077519600.0 33126922400.0 13545829440.0 6831430320.0 5236968880.0 7150251680.0 26883839840.0 8813867920.0 20241432640.0 31238109760.0 16112359120.0 28061244640.0 13971752080.0 226969600.0 26463236800.0 17668874080.0 5624590400.0 19169710560.0 24870193920.0 26171722720.0 6476081040.0 9856509520.0 12695048080.0 15017585440.0 23893515360.0 16850364960.0 1367137200.0 25890138560.0 7452759600.0 993346640.0 15426130720.0 11700992160.0 14402994320.0 24855653680.0 35460098960.0 13871388960.0 26366774720.0 31052987680.0 22784910720.0 11983640240.0 2401976720.0 33758181600.0 2037406800.0 6969030640.0 30857581040.0 30963618400.0 22034492480.0 4776291520.0 11326137680.0 25419531280.0 34727058080.0 3681163200.0 7684339520.0 7309130400.0 9372071280.0 17084427360.0 4937298080.0 33345026000.0 26917885280.0 30420664560.0 13440856000.0 17900454000.0 5562173760.0 30909003840.0 3598532080.0 
130981200.0 1401830820.0 2616183480.0 2183311740.0 1820457600.0 480525960.0 261932220.0 210505500.0 1459082280.0 1690925040.0 2675758800.0 -168092972580.0 2386332600.0 2255291040.0 479439480.0 791862840.0 1877256360.0 311095440.0 1363622940.0 2302613280.0 220887420.0 587363160.0 2747677740.0 1913743980.0 2213884080.0 1926902460.0 759721140.0 1351882920.0 1734836940.0 2512696260.0 2865681540.0 1088381340.0 617935500.0 2671835400.0 1065867060.0 652914120.0 40863720.0 286347840.0 1662978360.0 2698212720.0 1329851520.0 1147624680.0 204046980.0 849898980.0 2178573480.0 2180505000.0 1092908340.0 1740722040.0 1102928100.0 1208890080.0 1913351640.0 295432020.0 1263002820.0 1887577920.0 421252440.0 1283102700.0 2819113800.0 1152755280.0 581357340.0 445668060.0 608489160.0 2287825080.0 750063540.0 1722553680.0 2658375120.0 1371167940.0 2388022680.0 1189001460.0 19315200.0 2252031600.0 1503627960.0 478654800.0 1631349720.0 2116463040.0 2227223640.0 551116980.0 838792740.0 1080353460.0 1278002280.0 2033347320.0 1433972520.0 116343900.0 2203260720.0 634232700.0 84534180.0 1312769640.0 995758920.0 1225700340.0 2115225660.0 3017668020.0 1180460520.0 2243822640.0 2642621160.0 1939004640.0 1019812380.0 204409140.0 2872834200.0 173384100.0 593067180.0 2625991980.0 2635015800.0 1875143760.0 406464240.0 963858660.0 2163211860.0 2955285960.0 313268400.0 653940240.0 622009800.0 797566860.0 1453891320.0 420165960.0 2837674500.0 2290722360.0 2588810220.0 1143822000.0 1523335500.0 473343120.0 2630368080.0 306236460.0 
1372655200.0 14690889720.0 27417048080.0 22880644040.0 19078009600.0 5035810160.0 2744994120.0 2206053000.0 15290872880.0 17720535840.0 28041384800.0 2386332600.0 -1738956779680.0 23634971840.0 5024424080.0 8298554640.0 19673248560.0 3260214240.0 14290479240.0 24130898880.0 2314853320.0 6155441360.0 28795080040.0 20055631080.0 23201035680.0 20193529160.0 7961716440.0 14167446320.0 18180723240.0 26332523960.0 30031734840.0 11406005640.0 6475833000.0 28000268400.0 11170060760.0 6842401520.0 428243120.0 3000864640.0 17427660560.0 28276697120.0 13936561920.0 12026863280.0 2138369080.0 8906761080.0 22830988080.0 22851230000.0 11453447640.0 18242397840.0 11558452600.0 12668911680.0 20051519440.0 3096064920.0 13236001720.0 19781416320.0 4414636240.0 13446644200.0 29543714800.0 12080630880.0 6092501640.0 4670506760.0 6376837360.0 23975921680.0 7860506840.0 18051997280.0 27859207520.0 14369549240.0 25025971280.0 12460483160.0 202419200.0 23600813600.0 15757702160.0 5016200800.0 17096199120.0 22180083840.0 23340831440.0 5775589080.0 8790370040.0 11321875160.0 13393192880.0 21309048720.0 15027727920.0 1219259400.0 23089705120.0 6646624200.0 885900280.0 13757547440.0 10435342320.0 12845079640.0 22167116360.0 31624520920.0 12370975920.0 23514785440.0 27694109360.0 20320357440.0 10687417480.0 2142164440.0 30106693200.0 1817028600.0 6215218280.0 27519839080.0 27614406800.0 19651108960.0 4259659040.0 10101034360.0 22670001560.0 30970770160.0 3282986400.0 6853155040.0 6518530800.0 8358331560.0 15236472720.0 4403250160.0 29738227000.0 24006284560.0 27130182120.0 11987012000.0 15964233000.0 4960535520.0 27565699680.0 3209293160.0 
1297278080.0 13884163488.0 25911485632.0 21624190816.0 18030371840.0 4759276864.0 2594257248.0 2084911200.0 14451199552.0 16747441536.0 26501537920.0 2255291040.0 23634971840.0 -1644762682176.0 4748516032.0 7842853056.0 18592924224.0 3081184896.0 13505740896.0 22805789952.0 2187736928.0 5817425344.0 27213845216.0 18954308832.0 21926988672.0 19084634464.0 7524511776.0 13389464128.0 17182358496.0 24886516384.0 28382591136.0 10779663456.0 6120223200.0 26462679360.0 10556675104.0 6466662208.0 404726848.0 2836077056.0 16470649024.0 26723928448.0 13171258368.0 11366427712.0 2020944032.0 8417660832.0 21577261632.0 21596392000.0 10824500256.0 17240646336.0 10923739040.0 11973219072.0 18950422976.0 2926049568.0 12509168288.0 18695152128.0 4172213696.0 12708243680.0 27921369920.0 11417242752.0 5757941856.0 4414033504.0 6026663744.0 22659323072.0 7428859936.0 17060701312.0 26329364608.0 13580468896.0 23651710912.0 11776236064.0 191303680.0 22304813440.0 14892393664.0 4740744320.0 16157389248.0 20962100736.0 22059107776.0 5458432032.0 8307661216.0 10700152864.0 12657727552.0 20138897088.0 14202504768.0 1152305760.0 21821771648.0 6281635680.0 837252512.0 13002074176.0 9862302528.0 12139713056.0 20949845344.0 29887911968.0 11691643968.0 22223509376.0 26173332544.0 19204498176.0 10100535392.0 2024530976.0 28453433280.0 1717249440.0 5873919712.0 26008632032.0 26098006720.0 18572000384.0 4025746816.0 9546352544.0 21425115424.0 29270060864.0 3102706560.0 6476825216.0 6160576320.0 7899347424.0 14399786688.0 4161452864.0 28105200800.0 22688018624.0 25640372448.0 11328764800.0 15087583200.0 4688135808.0 26051974272.0 3033060064.0 
275780960.0 2951555256.0 5508375184.0 4596963592.0 3832974080.0 1011747568.0 551498376.0 443219400.0 3072098224.0 3560243232.0 5633811040.0 479439480.0 5024424080.0 4748516032.0 -353389788960.0 1667267472.0 3952563888.0 655011552.0 2871108552.0 4848153024.0 465078536.0 1236693328.0 5785236392.0 4029388584.0 4661333664.0 4057093768.0 1599593112.0 2846389936.0 3652699752.0 5290482808.0 6033693432.0 2291587272.0 1301063400.0 5625550320.0 2244183448.0 1374710896.0 86038576.0 602905472.0 3501401488.0 5681087776.0 2800002816.0 2416324144.0 429620984.0 1789462584.0 4586987184.0 4591054000.0 2301118872.0 3665090832.0 2322215480.0 2545318464.0 4028562512.0 622032216.0 2659252856.0 3974295936.0 886947152.0 2701573160.0 5935645040.0 2427126624.0 1224048072.0 938354248.0 1281174128.0 4817016464.0 1579259032.0 3626837344.0 5597209696.0 2886994552.0 5027982544.0 2503442968.0 40668160.0 4741653280.0 3165889168.0 1007807840.0 3434807376.0 4456213632.0 4689420112.0 1160376984.0 1766078392.0 2274684568.0 2690834224.0 4281213456.0 3019229616.0 244962120.0 4638966176.0 1335377160.0 177986744.0 2764036912.0 2096570736.0 2580712472.0 4453608328.0 6353701016.0 2485460016.0 4724369312.0 5564039728.0 4082574912.0 2147215304.0 430383512.0 6048753360.0 365060280.0 1248703144.0 5529026984.0 5548026640.0 3948115808.0 855810592.0 2029404728.0 4554643288.0 6222355568.0 659586720.0 1376871392.0 1309641840.0 1679277288.0 3061168656.0 884659568.0 5974724600.0 4823116688.0 5450740776.0 2408317600.0 3207383400.0 996624096.0 5538240864.0 644780968.0 
455491680.0 4874915448.0 9097869072.0 7592542536.0 6330704640.0 1671045744.0 910878408.0 732040200.0 5074009392.0 5880250656.0 9305044320.0 791862840.0 8298554640.0 7842853056.0 1667267472.0 -582587292576.0 6528224304.0 1081845216.0 4742046216.0 8007417792.0 768143688.0 2042575824.0 9555144936.0 6655111272.0 7698858912.0 6700870344.0 2641956696.0 4701219888.0 6032955816.0 8737988664.0 9965507256.0 3784883976.0 2148892200.0 9291400560.0 3706589784.0 2270531568.0 142105008.0 995784576.0 5783065104.0 9383128608.0 4624604928.0 3990904752.0 709580472.0 2955553272.0 7576065072.0 7582782000.0 3800626776.0 6053421456.0 3835470840.0 4203957312.0 6653746896.0 1027375128.0 4392136248.0 6564117888.0 1464920016.0 4462034280.0 9803566320.0 4008746592.0 2021690376.0 1549826184.0 2116042224.0 7955991312.0 2608372056.0 5990240352.0 9244591968.0 4768284216.0 8304431952.0 4134793944.0 67169280.0 7831518240.0 5228918544.0 1664538720.0 5673075408.0 7360073856.0 7745247696.0 1916528472.0 2916930936.0 3756966744.0 4444297392.0 7071036048.0 4986689328.0 404589960.0 7661915808.0 2205566280.0 293970552.0 4565202096.0 3462786288.0 4262415576.0 7355770824.0 10494045528.0 4105092528.0 7802971296.0 9189807024.0 6742956096.0 3546433032.0 710839896.0 9990380880.0 602949240.0 2062411752.0 9131978472.0 9163359120.0 6520877664.0 1413493536.0 3351852024.0 7522644504.0 10277109744.0 1089401760.0 2274099936.0 2163060720.0 2773566504.0 5055957648.0 1461141744.0 9868111800.0 7966066704.0 9002677608.0 3977680800.0 5297452200.0 1646067168.0 9147196512.0 1064947944.0 
1079826720.0 11556882792.0 21568170288.0 17999517144.0 15008098560.0 3961520976.0 2159404632.0 1735435800.0 12028871568.0 13940214624.0 22059317280.0 1877256360.0 19673248560.0 18592924224.0 3952563888.0 6528224304.0 -1372182091392.0 2564712864.0 11241891864.0 18983055168.0 1821025752.0 4842301296.0 22652226744.0 15777164088.0 18251559648.0 15885644376.0 6263243784.0 11145105552.0 14302230264.0 20715007656.0 23625066024.0 8972762904.0 5094343800.0 22026972240.0 8787152136.0 5382712272.0 336886032.0 2360690304.0 13709818416.0 22244430432.0 10963475712.0 9461173008.0 1682190888.0 7006682088.0 17960454288.0 17976378000.0 9010084104.0 14350747824.0 9092688360.0 9966253248.0 15773929584.0 2435581512.0 10412365992.0 15561447552.0 3472862064.0 10578072120.0 23241155280.0 9503470368.0 4792788504.0 3674147736.0 5016466896.0 18861139248.0 6183625224.0 14200965408.0 21916003872.0 11304093864.0 19687181808.0 9802288776.0 159237120.0 18566052960.0 12396112176.0 3946094880.0 13449067632.0 17448407424.0 18361532784.0 4543482888.0 6915120744.0 8906579976.0 10536023568.0 16763190192.0 11821863312.0 959154840.0 18163979232.0 5228700120.0 696911208.0 10822650384.0 8209171152.0 10104839304.0 17438206296.0 24878063112.0 9731876112.0 18498377184.0 21786126096.0 15985416384.0 8407471128.0 1685176584.0 23684033520.0 1429401960.0 4889326008.0 21649032888.0 21723426480.0 15458938656.0 3350946144.0 7946181096.0 17833811016.0 24363776976.0 2582627040.0 5391171744.0 5127932880.0 6575249016.0 11986076592.0 3463904976.0 23394172200.0 18885024816.0 21342501432.0 9429823200.0 12558583800.0 3902304672.0 21685110048.0 2524654776.0 
178946880.0 1915185168.0 3574237152.0 2982846576.0 2487114240.0 656495904.0 357852528.0 287593200.0 1993402272.0 2310146496.0 3655629120.0 311095440.0 3260214240.0 3081184896.0 655011552.0 1081845216.0 2564712864.0 -229535162976.0 1862985456.0 3145836672.0 301777008.0 802457184.0 3753884976.0 2614562352.0 3024614592.0 2632539504.0 1037933136.0 1846946208.0 2370139056.0 3432852624.0 3915102096.0 1486949616.0 844225200.0 3650268960.0 1456190544.0 892013088.0 55828128.0 391209216.0 2271965664.0 3686305728.0 1816846848.0 1567888032.0 278769552.0 1161134352.0 2976373152.0 2979012000.0 1493134416.0 2378179296.0 1506823440.0 1651588992.0 2614026336.0 403620048.0 1725517968.0 2578814208.0 575516256.0 1752978480.0 3851481120.0 1574897472.0 794252016.0 608872944.0 831319584.0 3125632992.0 1024738896.0 2353357632.0 3631879488.0 1873293456.0 3262523232.0 1624417104.0 26388480.0 3076731840.0 2054260704.0 653939520.0 2228754528.0 2891517696.0 3042839136.0 752937552.0 1145960976.0 1475981904.0 1746010272.0 2777964768.0 1959097248.0 158949360.0 3010100928.0 866490480.0 115490832.0 1793509536.0 1360408608.0 1674555216.0 2889827184.0 4122746448.0 1612748448.0 3065516736.0 3610356384.0 2649073536.0 1393270512.0 279264336.0 3924874080.0 236877840.0 810250032.0 3587637552.0 3599965920.0 2561826624.0 555312576.0 1316826384.0 2955386064.0 4037519904.0 427988160.0 893414976.0 849791520.0 1089638064.0 1986310368.0 574031904.0 3876838800.0 3129591264.0 3536839728.0 1562692800.0 2081185200.0 646682688.0 3593616192.0 418381104.0 
784376880.0 8394820668.0 15666934152.0 13074695076.0 10901754240.0 2877614904.0 1568573028.0 1260605700.0 8737669272.0 10126052496.0 16023699120.0 1363622940.0 14290479240.0 13505740896.0 2871108552.0 4742046216.0 11241891864.0 1862985456.0 -999817195476.0 13789128672.0 1322777508.0 3517406184.0 16454383476.0 11460396852.0 13257776592.0 11539196004.0 4549566636.0 8095709208.0 10389017556.0 15047204124.0 17161045596.0 6517738116.0 3700487700.0 16000203960.0 6382912044.0 3909956088.0 244711128.0 1714785216.0 9958694664.0 16158163728.0 7963774848.0 6872515032.0 1221929052.0 5089593852.0 13046320152.0 13057887000.0 6544847916.0 10424260296.0 6604850940.0 7239400992.0 11458047336.0 1769185548.0 7563453468.0 11303702208.0 2522657256.0 7683820980.0 16882176120.0 6903239472.0 3481440516.0 2668869444.0 3643918584.0 13700569992.0 4491732396.0 10315459632.0 15919597488.0 8211196956.0 14300600232.0 7120298604.0 115668480.0 13486221840.0 9004429704.0 2866409520.0 9769287528.0 12674373696.0 13337660136.0 3300347052.0 5023084476.0 6469663404.0 7653277272.0 12176637768.0 8587300248.0 696721860.0 13194158928.0 3798082980.0 506230332.0 7861480536.0 5963071608.0 7340068716.0 12666963684.0 18071211948.0 7069151448.0 13437062736.0 15825255384.0 11611669536.0 6107115012.0 1224097836.0 17203879080.0 1038305340.0 3551564532.0 15725672052.0 15779710920.0 11229240624.0 2434098576.0 5772037884.0 12954327564.0 17697638904.0 1875998160.0 3916100976.0 3724886520.0 4776204564.0 8706583368.0 2516150904.0 16993326300.0 13717920264.0 15503010228.0 6849742800.0 9122447700.0 2834600688.0 15751878192.0 1833887604.0 
1324498560.0 14175491616.0 26455180224.0 22077926112.0 18408698880.0 4859139648.0 2648691936.0 2128658400.0 14754425664.0 17098849152.0 27057613440.0 2302613280.0 24130898880.0 22805789952.0 4848153024.0 8007417792.0 18983055168.0 3145836672.0 13789128672.0 -1678795821120.0 2233641696.0 5939491008.0 27784866912.0 19352022624.0 22387077504.0 19485082848.0 7682396832.0 13670412096.0 17542891872.0 25408704288.0 28978136352.0 11005850592.0 6248642400.0 27017939520.0 10778183328.0 6602350656.0 413219136.0 2895585792.0 16816248768.0 27284670336.0 13447627776.0 11604926784.0 2063349024.0 8594286624.0 22030012224.0 22049544000.0 11051628192.0 17602402752.0 11152949280.0 12224450304.0 19348055232.0 2987446176.0 12771645216.0 19087428096.0 4259758272.0 12974897760.0 28507237440.0 11656808064.0 5878759392.0 4506652128.0 6153119808.0 23134778304.0 7584737952.0 17418681984.0 26881827456.0 13865424672.0 24147989184.0 12023334048.0 195317760.0 22772830080.0 15204877248.0 4840218240.0 16496415936.0 21401943552.0 22521968832.0 5572965024.0 8481978912.0 10924671648.0 12923321664.0 20561466816.0 14500512576.0 1176484320.0 22279652736.0 6413441760.0 854820384.0 13274893632.0 10069240896.0 12394437792.0 21389431008.0 30515042976.0 11936966976.0 22689820032.0 26722521408.0 19607461632.0 10312472544.0 2067011232.0 29050464960.0 1753282080.0 5997170784.0 26554365024.0 26645615040.0 18961692288.0 4110218112.0 9746661408.0 21874673568.0 29884227648.0 3167809920.0 6612726912.0 6289842240.0 8065097568.0 14701934016.0 4248771648.0 28694925600.0 23164075968.0 26178378336.0 11566473600.0 15404162400.0 4786505856.0 26598616704.0 3096702048.0 
127057840.0 1359840924.0 2537819336.0 2117913668.0 1765928320.0 466132472.0 254086404.0 204200100.0 1415377496.0 1640275728.0 2595610160.0 220887420.0 2314853320.0 2187736928.0 465078536.0 768143688.0 1821025752.0 301777008.0 1322777508.0 2233641696.0 -163064597332.0 569769512.0 2665374868.0 1856420436.0 2147570256.0 1869184772.0 736964748.0 1311389144.0 1682872308.0 2437431932.0 2779844028.0 1055780388.0 599426100.0 2591804280.0 1033940492.0 633356984.0 39639704.0 277770688.0 1613166152.0 2617391504.0 1290017664.0 1113249176.0 197935036.0 824441436.0 2113317336.0 2115191000.0 1060171788.0 1688581128.0 1069891420.0 1172679456.0 1856039848.0 286582764.0 1225171324.0 1831038144.0 408634408.0 1244669140.0 2734671160.0 1118226096.0 563943588.0 432318692.0 590262712.0 2219296456.0 727596428.0 1670956976.0 2578747184.0 1330096508.0 2316492776.0 1153386572.0 18736640.0 2184575120.0 1458588872.0 464317360.0 1582484904.0 2053067328.0 2160510248.0 534609036.0 813667868.0 1047992972.0 1239721496.0 1972441224.0 1391019864.0 112858980.0 2137265104.0 615235140.0 82002076.0 1273447448.0 965932344.0 1188986188.0 2051867012.0 2927277964.0 1145101464.0 2176612048.0 2563465112.0 1880924448.0 989265316.0 198286348.0 2786782440.0 168190620.0 575302676.0 2547334036.0 2556087560.0 1818976432.0 394289168.0 934987612.0 2098415852.0 2866764472.0 303884880.0 634352368.0 603378360.0 773676852.0 1410342024.0 407580472.0 2752675900.0 2222106952.0 2511266004.0 1109560400.0 1477706100.0 459164784.0 2551579056.0 297063572.0 
337860320.0 3615961752.0 6748331728.0 5631757864.0 4695791360.0 1239495856.0 675642792.0 542989800.0 3763639408.0 4361667744.0 6902003680.0 587363160.0 6155441360.0 5817425344.0 1236693328.0 2042575824.0 4842301296.0 802457184.0 3517406184.0 5939491008.0 569769512.0 -432660811872.0 7087515464.0 4936419528.0 5710617888.0 4970361256.0 1959667704.0 3487123312.0 4474936584.0 6481390936.0 7391901144.0 2807432424.0 1593937800.0 6891883440.0 2749357816.0 1684163632.0 105406192.0 738621824.0 4289580496.0 6959922592.0 3430294272.0 2960248048.0 526330328.0 2192277528.0 5619535728.0 5624518000.0 2819109624.0 4490116944.0 2844955160.0 3118279488.0 4935407504.0 762054072.0 3257860952.0 4868925312.0 1086602384.0 3309707720.0 7271781680.0 2973482208.0 1499586024.0 1149581416.0 1569571376.0 5901345488.0 1934756344.0 4443252448.0 6857163232.0 3536868184.0 6159800848.0 3066977656.0 49822720.0 5809017760.0 3878543056.0 1234669280.0 4207995792.0 5459324544.0 5745026704.0 1421582328.0 2163629464.0 2786724856.0 3296551408.0 5244931152.0 3698869872.0 300104040.0 5683215392.0 1635975720.0 218052248.0 3386232304.0 2568516912.0 3161640824.0 5456132776.0 7783943672.0 3044946672.0 5787843104.0 6816526576.0 5001578304.0 2630561768.0 527264504.0 7410351120.0 447236760.0 1529791048.0 6773632328.0 6796908880.0 4836851936.0 1048456864.0 2486231576.0 5579911096.0 7623031856.0 808062240.0 1686810464.0 1604447280.0 2057289096.0 3750249552.0 1083799856.0 7319658200.0 5908818896.0 6677723592.0 2950439200.0 3929377800.0 1220968032.0 6784920288.0 789923656.0 
1580506480.0 16915425228.0 31568613992.0 26345294996.0 21966855040.0 5798346584.0 3160648788.0 2540099700.0 17606259512.0 20403828816.0 32287489520.0 2747677740.0 28795080040.0 27213845216.0 5785236392.0 9555144936.0 22652226744.0 3753884976.0 16454383476.0 27784866912.0 2665374868.0 7087515464.0 -1997914235476.0 23092510692.0 26714201232.0 23251289684.0 9167301756.0 16312720568.0 20933699076.0 30319868204.0 34579223916.0 13133134836.0 7456421700.0 32240147160.0 12861462524.0 7878497048.0 493088888.0 3455263936.0 20066605544.0 32558433488.0 16046875008.0 13848004472.0 2462166892.0 10255447692.0 26288119992.0 26311427000.0 13187760636.0 21004712616.0 13308665740.0 14587273632.0 23087776456.0 3564879708.0 15240234028.0 22776773568.0 5083112776.0 15482772580.0 34017306520.0 13909913712.0 7015045236.0 5377727924.0 7342435864.0 27606422632.0 9050766716.0 20785481072.0 32077726448.0 16545426476.0 28815473672.0 14347284284.0 233070080.0 27174514640.0 18143777384.0 5775767920.0 19684953288.0 25538654016.0 26875165256.0 6650144892.0 10121432396.0 13036265084.0 15421227512.0 24535724328.0 17303268408.0 1403883060.0 26586012688.0 7653074580.0 1020045772.0 15840753656.0 12015490968.0 14790117436.0 25523722964.0 36413194108.0 14244223608.0 27075459856.0 31887628664.0 23397322656.0 12305736052.0 2466536956.0 34665532680.0 2092168140.0 7156343972.0 31686969892.0 31795857320.0 22626734704.0 4904668496.0 11630561164.0 26102756444.0 35660450584.0 3780105360.0 7890878896.0 7505584920.0 9623973444.0 17543621928.0 5070002584.0 34241272300.0 27641383144.0 31238309988.0 13802118800.0 18381581700.0 5711673648.0 31739774832.0 3695253284.0 
1100814960.0 11781510156.0 21987383784.0 18349367892.0 15299806080.0 4038519768.0 2201376276.0 1769166900.0 12262672824.0 14211166032.0 22488077040.0 1913743980.0 20055631080.0 18954308832.0 4029388584.0 6655111272.0 15777164088.0 2614562352.0 11460396852.0 19352022624.0 1856420436.0 4936419528.0 23092510692.0 -1398546091860.0 18606309264.0 16194408468.0 6384980412.0 11361729336.0 14580218052.0 21117638508.0 24084258732.0 9147163572.0 5193360900.0 22455103320.0 8957945148.0 5487334296.0 343433976.0 2406574272.0 13976291688.0 22676788176.0 11176569216.0 9645066744.0 1714887084.0 7142868684.0 18309545784.0 18325779000.0 9185210172.0 14629678632.0 9269419980.0 10159964064.0 16080522312.0 2482921116.0 10614747756.0 15863910336.0 3540362952.0 10783674660.0 23692886040.0 9688186224.0 4885944372.0 3745560948.0 5113970328.0 19227737064.0 6303814332.0 14476984944.0 22341978096.0 11523807852.0 20069835144.0 9992812668.0 162332160.0 18926915280.0 12637051368.0 4022793840.0 13710472776.0 17787546432.0 18718419912.0 4631793084.0 7049527692.0 9079694268.0 10740808824.0 17089010856.0 12051641016.0 977797620.0 18517026576.0 5330328660.0 710456844.0 11033006712.0 8368730136.0 10301243772.0 17777147028.0 25361609916.0 9921031416.0 18857924112.0 22209575928.0 16296119712.0 8570884404.0 1717930812.0 24144372360.0 1457184780.0 4984358244.0 22069818084.0 22145657640.0 15759409008.0 3416077392.0 8100628428.0 18180440988.0 24837327768.0 2632824720.0 5495958192.0 5227602840.0 6703049988.0 12219046056.0 3531231768.0 23848877100.0 19252086888.0 21757328676.0 9613107600.0 12802680900.0 3978152496.0 22106596464.0 2573725668.0 
1273460160.0 13629251376.0 25435752864.0 21227172432.0 17699335680.0 4671896928.0 2546626896.0 2046632400.0 14185876704.0 16439959872.0 26014971840.0 2213884080.0 23201035680.0 21926988672.0 4661333664.0 7698858912.0 18251559648.0 3024614592.0 13257776592.0 22387077504.0 2147570256.0 5710617888.0 26714201232.0 18606309264.0 -1614967550880.0 18734242128.0 7386362352.0 13143634656.0 16866891792.0 24429601968.0 27861489072.0 10581749712.0 6007856400.0 25976826720.0 10362855408.0 6347934816.0 397296096.0 2784006912.0 16168249248.0 26233279296.0 12929435136.0 11157741024.0 1983839664.0 8263113264.0 21181104864.0 21199884000.0 10625763312.0 16924109472.0 10723180080.0 11753391744.0 18602494752.0 2872327536.0 12279500976.0 18351910656.0 4095612192.0 12474921360.0 27408735840.0 11207623104.0 5652226512.0 4332992208.0 5916014688.0 22243299744.0 7292466672.0 16747468224.0 25845959616.0 13331132592.0 23217467424.0 11560025328.0 187791360.0 21895298880.0 14618970528.0 4653704640.0 15860740896.0 20577238272.0 21654104352.0 5358215664.0 8155133232.0 10503698928.0 12425332704.0 19769148576.0 13941747936.0 1131149520.0 21421125696.0 6166305360.0 821880624.0 12763357152.0 9681231456.0 11916828912.0 20565207888.0 29339172336.0 11476986336.0 21815487552.0 25692792288.0 18851905152.0 9915090384.0 1987360752.0 27931030560.0 1685720880.0 5766075024.0 25531115664.0 25618849440.0 18231019968.0 3951834432.0 9371082288.0 21031752048.0 28732664928.0 3045741120.0 6357911232.0 6047468640.0 7754316048.0 14135407776.0 4085048928.0 27589191600.0 22271468448.0 25169617296.0 11120769600.0 14810576400.0 4602062016.0 25573662144.0 2977373328.0 
