-1097986979808.0 2752594848.0 2653746432.0 4834880192.0 9441741952.0 13589736832.0 576312544.0 6665091968.0 14885075584.0 10015022336.0 18445842144.0 12513522176.0 9212106368.0 10488443584.0 17989198848.0 20112519424.0 2354169024.0 19097150112.0 903583680.0 6434041376.0 12278428704.0 9072424864.0 4191860128.0 4177912192.0 549427392.0 13319874592.0 5138904768.0 105721312.0 10741123584.0 16459777344.0 12487445600.0 6525612608.0 5959811552.0 9201190592.0 6932528480.0 6219566592.0 12485019872.0 18074503616.0 4241385408.0 6461532960.0 5334378016.0 17003140416.0 12757509984.0 11424976736.0 9007536640.0 12836346144.0 19226926560.0 18149903328.0 4503364032.0 11139751552.0 10254562976.0 3578757376.0 19241885216.0 9465190656.0 18439777824.0 5434843584.0 7988730880.0 15303917952.0 6150231200.0 14988169024.0 13622484160.0 7736859456.0 13099537632.0 10990771424.0 4150824896.0 2895712800.0 15068824480.0 6252313920.0 2182144480.0 11269325856.0 11966116224.0 18931392032.0 3519327040.0 19725009376.0 12756297120.0 6900185440.0 10404958112.0 19341946496.0 8752026624.0 10561619712.0 16498588992.0 4046922880.0 5250892544.0 5457281568.0 17994858880.0 4592105248.0 18173756320.0 2336178208.0 13155127232.0 7080295744.0 12510692160.0 9344510688.0 605016992.0 15410852128.0 20172556192.0 4960411616.0 18068035008.0 3628080512.0 17237223168.0 16864873920.0 19063392064.0 6504589632.0 11432860352.0 7658629728.0 14859403296.0 280373728.0 15568120160.0 3442714464.0 3620196896.0 12222030528.0 
2752594848.0 -297865120968.0 715055904.0 1302765624.0 2544091344.0 3661774704.0 155288268.0 1795918896.0 4010805648.0 2698562592.0 4970259468.0 3371787072.0 2482215696.0 2826126648.0 4847216256.0 5419348128.0 634334328.0 5145755364.0 243471960.0 1733661972.0 3308440788.0 2444578308.0 1129502916.0 1125744624.0 148044024.0 3589059924.0 1384685496.0 28486764.0 2894211648.0 4435111368.0 3364760700.0 1758335976.0 1605880044.0 2479274424.0 1867980060.0 1675871424.0 3364107084.0 4870201752.0 1142847576.0 1741069620.0 1437356052.0 4581521352.0 3437529948.0 3078476892.0 2427094080.0 3458772468.0 5180723820.0 4890518316.0 1213438104.0 3001622544.0 2763107172.0 964301472.0 5184754452.0 2550409632.0 4968625428.0 1464426648.0 2152575360.0 4123663344.0 1657188900.0 4038584328.0 3670598520.0 2084708232.0 3529689804.0 2961479628.0 1118445912.0 780254100.0 4060317060.0 1684695240.0 587982060.0 3036536532.0 3224287728.0 5101091604.0 948287880.0 5314932972.0 3437203140.0 1859265180.0 2803631364.0 5211716112.0 2358246528.0 2845844064.0 4445569224.0 1090449360.0 1414860768.0 1470472596.0 4848741360.0 1237349556.0 4896945540.0 629486676.0 3544668504.0 1907796168.0 3371024520.0 2517892236.0 163022724.0 4152476916.0 5435525124.0 1336590252.0 4868458776.0 977591664.0 4644595296.0 4544265240.0 5136659208.0 1752671304.0 3080601144.0 2063629116.0 4003888212.0 75547116.0 4194853020.0 927644508.0 975467412.0 3293244216.0 
2653746432.0 715055904.0 -287194166880.0 1255982016.0 2452730496.0 3530276736.0 149711712.0 1731425664.0 3866773632.0 2601654528.0 4791772512.0 3250702848.0 2393076864.0 2724637632.0 4673147904.0 5224733952.0 611554752.0 4960966176.0 234728640.0 1671404448.0 3189631392.0 2356791072.0 1088941344.0 1085318016.0 142727616.0 3460173216.0 1334960064.0 27463776.0 2790277632.0 4275842112.0 3243928800.0 1695192384.0 1548211296.0 2390241216.0 1800899040.0 1615689216.0 3243298656.0 4695307968.0 1101806784.0 1678546080.0 1385739168.0 4416994368.0 3314084832.0 2967925728.0 2339934720.0 3334564512.0 4994678880.0 4714894944.0 1169862336.0 2893831296.0 2663881248.0 929672448.0 4998564768.0 2458821888.0 4790197152.0 1411837632.0 2075274240.0 3975578496.0 1597677600.0 3893554752.0 3538783680.0 2009844288.0 3402935136.0 2855129952.0 1078281408.0 752234400.0 3914507040.0 1624196160.0 566867040.0 2927491488.0 3108500352.0 4917906336.0 914233920.0 5124068448.0 3313769760.0 1792497120.0 2702950176.0 5024558208.0 2273559552.0 2743646976.0 4285924416.0 1051290240.0 1364051712.0 1417666464.0 4674618240.0 1192915104.0 4721091360.0 606881184.0 3417375936.0 1839285312.0 3249967680.0 2427472224.0 157168416.0 4003357344.0 5240330016.0 1288591968.0 4693627584.0 942485376.0 4477803264.0 4381076160.0 4952196672.0 1689731136.0 2969973696.0 1989522144.0 3860104608.0 72834144.0 4044211680.0 894331872.0 940437408.0 3174980544.0 
4834880192.0 1302765624.0 1255982016.0 -522208869400.0 4468647776.0 6431837216.0 272760872.0 3154497184.0 7044903392.0 4739973568.0 8730165672.0 5922479488.0 4359964384.0 4964037392.0 8514042624.0 9518981312.0 1114196112.0 9038420856.0 427653840.0 3045144088.0 5811212952.0 4293855032.0 1983950264.0 1977348896.0 260036496.0 6304115096.0 2432173584.0 50036456.0 5083627392.0 7790188272.0 5910137800.0 3088483504.0 2820697576.0 4354798096.0 3281071240.0 2943636096.0 5908989736.0 8554416208.0 2007389904.0 3058155480.0 2524688408.0 8047354608.0 6037955592.0 5407285768.0 4263144320.0 6075267672.0 9099842280.0 8590101864.0 2131380816.0 5272292576.0 4853344888.0 1693777088.0 9106922008.0 4479745728.0 8727295512.0 2572237392.0 3780957440.0 7243135776.0 2910820600.0 7093696112.0 6447336080.0 3661750128.0 6199832616.0 5201782312.0 1964528848.0 1370501400.0 7131869240.0 2959134960.0 1032779240.0 5333618328.0 5663399712.0 8959969816.0 1665649520.0 9335578088.0 6037381560.0 3265763720.0 4924524856.0 9154279648.0 4142214912.0 4998670656.0 7808557296.0 1915353440.0 2485175872.0 2582856984.0 8516721440.0 2173380824.0 8601391160.0 1105681304.0 6226142416.0 3351007472.0 5921140080.0 4422629544.0 286346296.0 7293746264.0 9547395896.0 2347695208.0 8551354704.0 1717121056.0 8158142784.0 7981914960.0 9022443632.0 3078533616.0 5411016976.0 3624725064.0 7032753048.0 132697064.0 7368179080.0 1629389832.0 1713389848.0 5784520464.0 
9441741952.0 2544091344.0 2452730496.0 4468647776.0 -1015531875120.0 12560341696.0 532658032.0 6160224704.0 13757561152.0 9256404608.0 17048606832.0 11565648128.0 8514307904.0 9693965152.0 16626553344.0 18589036672.0 2175845472.0 17650579536.0 835139040.0 5946675728.0 11348362512.0 8385206992.0 3874335184.0 3861443776.0 507809376.0 12310920976.0 4749643104.0 97713136.0 9927505152.0 15212982432.0 11541546800.0 6031310624.0 5508367856.0 8504218976.0 6407403440.0 5748446976.0 11539304816.0 16705396448.0 3920109024.0 5972084880.0 4930309648.0 15715186848.0 11791154352.0 10559557808.0 8325233920.0 11864018832.0 17770525680.0 16775084784.0 4162243296.0 10295937856.0 9477800528.0 3307673728.0 17784351248.0 8748221568.0 17043001872.0 5023165152.0 7383600640.0 14144677056.0 5684363600.0 13852845472.0 12590608480.0 7150807968.0 12107274096.0 10158242672.0 3836408288.0 2676368400.0 13927391440.0 5778713760.0 2016851440.0 10415697168.0 11059707072.0 17497377296.0 3252745120.0 18230879728.0 11790033360.0 6377510320.0 9616803536.0 17876833088.0 8089078272.0 9761598336.0 15248854176.0 3740376640.0 4853148032.0 5043903504.0 16631784640.0 4244262544.0 16797130960.0 2159217424.0 12158652896.0 6543977632.0 11563032480.0 8636682864.0 559188176.0 14243511184.0 18644525776.0 4584670448.0 16699417824.0 3353260736.0 15931538304.0 15587393760.0 17619378592.0 6011880096.0 10566844256.0 7078503984.0 13733833488.0 259135984.0 14388866480.0 3181935792.0 3345974288.0 11296236384.0 
13589736832.0 3661774704.0 3530276736.0 6431837216.0 12560341696.0 -1456162513680.0 766668112.0 8866566464.0 19801604032.0 13322976128.0 24538488912.0 16646728448.0 12254857664.0 13952768032.0 23931016704.0 26755668352.0 3131749152.0 25404923376.0 1202036640.0 8559200048.0 16333983792.0 12069039472.0 5576428144.0 5557873216.0 730902816.0 17719418416.0 6836280864.0 140640976.0 14288908032.0 21896428512.0 16612038800.0 8681017184.0 7928332496.0 12240336416.0 9222337040.0 8273884416.0 16608811856.0 24044497568.0 5642311584.0 8595772080.0 7096318768.0 22619263968.0 16971305232.0 15198637328.0 11982718720.0 17076180912.0 25577564880.0 24144801744.0 5990821536.0 14819202496.0 13641636848.0 4760818048.0 25597464368.0 12591535488.0 24530421552.0 7229968032.0 10627402240.0 20358789696.0 8181647600.0 19938749152.0 18121979680.0 10292337888.0 17426304336.0 14621014352.0 5521839008.0 3852164400.0 20046045040.0 8317448160.0 2902905040.0 14991575088.0 15918514752.0 25184415536.0 4681757920.0 26240164048.0 16969691760.0 9179311120.0 13841707376.0 25730575808.0 11642813952.0 14050114176.0 21948059616.0 5383618240.0 6985258112.0 7259817264.0 23938546240.0 6108873904.0 24176533360.0 3107815984.0 17500255136.0 9418911712.0 16642963680.0 12430995024.0 804853616.0 20501044144.0 26835535216.0 6598831568.0 24035892384.0 4826432576.0 22930664064.0 22435328160.0 25360015072.0 8653050336.0 15209124896.0 10188268944.0 19767452208.0 372980944.0 20710257680.0 4579840272.0 4815945008.0 16258957344.0 
576312544.0 155288268.0 149711712.0 272760872.0 532658032.0 766668112.0 -62486986368.0 376012688.0 839744944.0 564999776.0 1040626404.0 705953216.0 519703088.0 591707944.0 1014864768.0 1134652384.0 132810984.0 1077370092.0 50975880.0 362977916.0 692690364.0 511822924.0 236484748.0 235697872.0 30996072.0 751443772.0 289912488.0 5964292.0 605962944.0 928582104.0 704482100.0 368143928.0 336224132.0 519087272.0 391100180.0 350878272.0 704345252.0 1019677256.0 239278728.0 364528860.0 300940156.0 959236056.0 719717844.0 644542676.0 508162240.0 724165404.0 1084691460.0 1023930948.0 254058312.0 628451632.0 578513516.0 201896416.0 1085535356.0 533980896.0 1040284284.0 306607944.0 450686080.0 863374032.0 346966700.0 845560984.0 768515560.0 436476696.0 739013412.0 620046884.0 234169736.0 163362300.0 850111180.0 352725720.0 123106180.0 635761596.0 675071184.0 1068018812.0 198543640.0 1112790916.0 719649420.0 389275540.0 586998092.0 1091180336.0 493747584.0 595836192.0 930771672.0 228308080.0 296230304.0 307873788.0 1015184080.0 259064668.0 1025276620.0 131796028.0 742149512.0 399436504.0 705793560.0 527172708.0 34132172.0 869406748.0 1138039372.0 279842756.0 1019312328.0 204678992.0 972441888.0 951435720.0 1075465624.0 366957912.0 644987432.0 432063348.0 838296636.0 15817348.0 878279060.0 194221524.0 204234236.0 689508648.0 
6665091968.0 1795918896.0 1731425664.0 3154497184.0 6160224704.0 8866566464.0 376012688.0 -718693453648.0 9711704768.0 6534259072.0 12034911888.0 8164394752.0 6010399936.0 6843140768.0 11736976896.0 13122328448.0 1535967648.0 12459855024.0 589539360.0 4197863152.0 8011009008.0 5919265328.0 2734961456.0 2725861184.0 358471584.0 8690495984.0 3352856736.0 68977424.0 7008000768.0 10739112288.0 8147381200.0 4257608416.0 3888453904.0 6003277984.0 4523098960.0 4057929984.0 8145798544.0 11792633632.0 2767274016.0 4215799920.0 3480392432.0 11093627232.0 8323583568.0 7454177872.0 5876929280.0 8375019888.0 12544527120.0 11841827856.0 2938200864.0 7268083904.0 6690546352.0 2334945152.0 12554286832.0 6175523712.0 12030955248.0 3545940768.0 5212213760.0 9984976704.0 4012692400.0 9778967648.0 8887932320.0 5047881312.0 8546738064.0 7170882448.0 2708188192.0 1889295600.0 9831590960.0 4079295840.0 1423730960.0 7352624112.0 7807242048.0 12351706864.0 2296170080.0 12869499152.0 8322792240.0 4501996880.0 6788671024.0 12619571392.0 5710222848.0 6890884224.0 10764434784.0 2640397760.0 3425922688.0 3560580336.0 11740669760.0 2996099696.0 11857390640.0 1524229616.0 8583007264.0 4619509088.0 8162548320.0 6096786576.0 394740784.0 10054745456.0 13161499184.0 3236399632.0 11788413216.0 2367125824.0 11246353536.0 11003415840.0 12437829728.0 4243892064.0 7459321504.0 4996840656.0 9694954992.0 182928656.0 10157354320.0 2246184528.0 2361982192.0 7974212256.0 
14885075584.0 4010805648.0 3866773632.0 7044903392.0 13757561152.0 19801604032.0 839744944.0 9711704768.0 -1593072740208.0 14592887936.0 26877434544.0 18233451776.0 13422959168.0 15282709984.0 26212059648.0 29305949824.0 3430259424.0 27826455312.0 1316611680.0 9375040976.0 17890897104.0 13219429264.0 6107958928.0 6087635392.0 800570592.0 19408387792.0 7487897568.0 154046512.0 15650889984.0 23983539744.0 18195455600.0 9508469408.0 8684040752.0 13407053792.0 10101386480.0 9062529792.0 18191921072.0 26336357216.0 6180122208.0 9415098960.0 7772721616.0 24775274016.0 18588966384.0 16647332336.0 13124880640.0 18703838544.0 28015552560.0 26446222128.0 6561851232.0 16231730752.0 14941922576.0 5214606976.0 28037348816.0 13791728256.0 26868598224.0 7919109984.0 11640378880.0 22299337152.0 8961501200.0 21839259424.0 19849320160.0 11273377056.0 19087334832.0 16014651824.0 6048166496.0 4219342800.0 21956782480.0 9110245920.0 3179602480.0 16420533456.0 17435826624.0 27584929232.0 5128011040.0 28741308976.0 18587199120.0 10054259440.0 15161063312.0 28183148096.0 12752577024.0 15389334912.0 24040092192.0 5896770880.0 7651074944.0 7951804368.0 26220306880.0 6691156048.0 26480978320.0 3404045008.0 19168334432.0 10316698144.0 18229328160.0 13615885488.0 881570192.0 22455150928.0 29393429392.0 7227815216.0 26326931808.0 5286475712.0 25116355968.0 24573805920.0 27777266464.0 9477836832.0 16658819552.0 11159388528.0 21651634896.0 408532528.0 22684306160.0 5016378864.0 5274988496.0 17808719328.0 
10015022336.0 2698562592.0 2601654528.0 4739973568.0 9256404608.0 13322976128.0 564999776.0 6534259072.0 14592887936.0 -1076630557024.0 18083758176.0 12267887104.0 9031276672.0 10282559936.0 17636078592.0 19717719296.0 2307957696.0 18722281248.0 885846720.0 6307743904.0 12037408416.0 8894337056.0 4109575712.0 4095901568.0 538642368.0 13058411168.0 5038030272.0 103646048.0 10530279936.0 16136678976.0 12242322400.0 6397517632.0 5842823008.0 9020575168.0 6796445920.0 6097479168.0 12239944288.0 17719708864.0 4158128832.0 6334695840.0 5229666464.0 16669376064.0 12507085536.0 11200709344.0 8830722560.0 12584374176.0 18849510240.0 17793628512.0 4414964928.0 10921083008.0 10053270304.0 3508507904.0 18864175264.0 9279393024.0 18077812896.0 5328159936.0 7831915520.0 15003508608.0 6029504800.0 14693957696.0 13355080640.0 7584988224.0 12842399328.0 10775027296.0 4069345984.0 2838871200.0 14773029920.0 6129583680.0 2139309920.0 11048113824.0 11731226496.0 18559776928.0 3450244160.0 19337815904.0 12505896480.0 6764737760.0 10200713248.0 18962272384.0 8580228096.0 10354299648.0 16174728768.0 3967483520.0 5147819776.0 5350157472.0 17641627520.0 4501964192.0 17817013280.0 2290320032.0 12896897728.0 6941312576.0 12265112640.0 9161081952.0 593140768.0 15108343712.0 19776577568.0 4863040864.0 17713367232.0 3556862848.0 16898863872.0 16533823680.0 18689185856.0 6376907328.0 11208438208.0 7508294112.0 14567719584.0 274870112.0 15262524640.0 3375135456.0 3549133984.0 11982117312.0 
18445842144.0 4970259468.0 4791772512.0 8730165672.0 17048606832.0 24538488912.0 1040626404.0 12034911888.0 26877434544.0 18083758176.0 -1967733643968.0 22595207616.0 16633962288.0 18938597544.0 32482435968.0 36316437984.0 4250836584.0 34483022892.0 1631567880.0 11617712316.0 22170707964.0 16381744524.0 7569087948.0 7543902672.0 992080872.0 24051208572.0 9279131688.0 190897092.0 19394852544.0 29720815704.0 22548122100.0 11783059128.0 10761412932.0 16614252072.0 12517812180.0 11230443072.0 22543742052.0 32636467656.0 7658513928.0 11667352860.0 9632090556.0 30701946456.0 23035767444.0 20629661076.0 16264578240.0 23178119004.0 34717355460.0 32772614148.0 8131559112.0 20114640432.0 18516287916.0 6462030816.0 34744365756.0 17090947296.0 33296029884.0 9813497544.0 14424958080.0 27633722832.0 11105246700.0 27063586584.0 24597619560.0 13970163096.0 23653354212.0 19845632484.0 7494992136.0 5228682300.0 27209223180.0 11289573720.0 3940218180.0 20348607996.0 21606776784.0 34183719612.0 6354719640.0 35616725316.0 23033577420.0 12459411540.0 18787850892.0 34925042736.0 15803213184.0 19070728992.0 29790896472.0 7307380080.0 9481343904.0 9854012988.0 32492656080.0 8291795868.0 32815684620.0 4218351228.0 23753730312.0 12784630104.0 22590097560.0 16873039908.0 1092456972.0 27826809948.0 36424844172.0 8956833156.0 32624787528.0 6551091792.0 31124621088.0 30452283720.0 34422067224.0 11745098712.0 20643896232.0 13828906548.0 26831079036.0 506260548.0 28110783060.0 6216383124.0 6536856636.0 22068871848.0 
12513522176.0 3371787072.0 3250702848.0 5922479488.0 11565648128.0 16646728448.0 705953216.0 8164394752.0 18233451776.0 12267887104.0 22595207616.0 -1342162661824.0 11284356352.0 12847803776.0 22035843072.0 24636801536.0 2883735936.0 23393026368.0 1106843520.0 7881369664.0 15040443456.0 11113253696.0 5134812992.0 5117727488.0 673020288.0 16316161088.0 6294893952.0 129503168.0 13157323776.0 20162380416.0 15296478400.0 7993539712.0 7300462528.0 11270985088.0 8491990720.0 7618649088.0 15293507008.0 22140337024.0 5195478912.0 7915045440.0 6534338624.0 20827972224.0 15627293376.0 13995008704.0 11033768960.0 15723863616.0 23551995840.0 22232697792.0 5516389248.0 13645622528.0 12561312064.0 4383793664.0 23570319424.0 11594371584.0 22587779136.0 6657403776.0 9785784320.0 18746512128.0 7533716800.0 18359735936.0 16686842240.0 9477254784.0 16046259648.0 13463129536.0 5084546944.0 3547099200.0 18458534720.0 7658762880.0 2673014720.0 13804344384.0 14657876736.0 23189981248.0 4310994560.0 24162121664.0 15625807680.0 8452372160.0 12745538368.0 23692889344.0 10720782336.0 12937440768.0 20209922688.0 4957272320.0 6432073216.0 6684889152.0 22042776320.0 5625092672.0 22261916480.0 2861698112.0 16114354048.0 8672998016.0 15324954240.0 11446544832.0 741114688.0 18877500992.0 24710343488.0 6076249024.0 22132413312.0 4444211968.0 21114711552.0 20658602880.0 23351674496.0 7967787648.0 14004665728.0 9381427392.0 18202004544.0 343443392.0 19070146240.0 4217148096.0 4434554944.0 14971358592.0 
9212106368.0 2482215696.0 2393076864.0 4359964384.0 8514307904.0 12254857664.0 519703088.0 6010399936.0 13422959168.0 9031276672.0 16633962288.0 11284356352.0 -991039883248.0 9458195168.0 16222173696.0 18136926848.0 2122926048.0 17221294224.0 814827360.0 5802044752.0 11072355408.0 8181267728.0 3780106256.0 3767528384.0 495458784.0 12011503184.0 4634125536.0 95336624.0 9686055168.0 14842982688.0 11260841200.0 5884621216.0 5374397104.0 8297385184.0 6251566960.0 5608637184.0 11258653744.0 16299099232.0 3824766816.0 5826835920.0 4810398032.0 15332972832.0 11504377968.0 10302735472.0 8122753280.0 11575470288.0 17338323120.0 16367092656.0 4061012064.0 10045527104.0 9247287952.0 3227226752.0 17351812432.0 8535453312.0 16628493648.0 4900995168.0 7204021760.0 13800659904.0 5546112400.0 13515926048.0 12284388320.0 6976890912.0 11812809264.0 9911180848.0 3743101792.0 2611275600.0 13588658960.0 5638167840.0 1967798960.0 10162373712.0 10790720448.0 17071818064.0 3173634080.0 17787480752.0 11503284240.0 6222400880.0 9382910224.0 17442044992.0 7892341248.0 9524183424.0 14877981984.0 3649405760.0 4735113088.0 4921229136.0 16227277760.0 4141036496.0 16388602640.0 2106702416.0 11862938464.0 6384819488.0 11281804320.0 8426627376.0 545587984.0 13897090256.0 18191066384.0 4473165232.0 16293266016.0 3271705024.0 15544062336.0 15208287840.0 17190852128.0 5865663264.0 10309844704.0 6906345456.0 13399808592.0 252833456.0 14038910320.0 3104546928.0 3264595792.0 11021497056.0 
10488443584.0 2826126648.0 2724637632.0 4964037392.0 9693965152.0 13952768032.0 591707944.0 6843140768.0 15282709984.0 10282559936.0 18938597544.0 12847803776.0 9458195168.0 -1127038013208.0 18469755648.0 20649797824.0 2417057424.0 19607304312.0 927721680.0 6605917976.0 12606430104.0 9314782264.0 4303839928.0 4289519392.0 564104592.0 13675696792.0 5276183568.0 108545512.0 11028057984.0 16899477744.0 12821030600.0 6699935408.0 6119019752.0 9446987792.0 7117721480.0 6385713792.0 12818540072.0 18557339216.0 4354688208.0 6634143960.0 5476878616.0 17457356016.0 13098309384.0 11730179336.0 9248160640.0 13179251544.0 19740547560.0 18634753128.0 4623665232.0 11437334752.0 10528499576.0 3674358976.0 19755905816.0 9718040256.0 18932371224.0 5580027984.0 8202138880.0 15712741152.0 6314526200.0 15388557424.0 13986390160.0 7943539056.0 13449473832.0 11284374824.0 4261708496.0 2973067800.0 15471367480.0 6419335920.0 2240437480.0 11570370456.0 12285774624.0 19437118232.0 3613341040.0 20251935976.0 13097064120.0 7084514440.0 10682912312.0 19858640096.0 8985825024.0 10843758912.0 16939326192.0 4155030880.0 5391162944.0 5603065368.0 18475566880.0 4714777048.0 18659243320.0 2398586008.0 13506548432.0 7269436144.0 12844898160.0 9594136488.0 621179192.0 15822531928.0 20711438392.0 5092922216.0 18550697808.0 3724999712.0 17697691968.0 17315395920.0 19572644464.0 6678350832.0 11738273552.0 7863219528.0 15256351896.0 287863528.0 15984001160.0 3534681864.0 3716905496.0 12548525328.0 
17989198848.0 4847216256.0 4673147904.0 8514042624.0 16626553344.0 23931016704.0 1014864768.0 11736976896.0 26212059648.0 17636078592.0 32482435968.0 22035843072.0 16222173696.0 18469755648.0 -1919824771968.0 35417392128.0 4145603328.0 33629364864.0 1591176960.0 11330105472.0 21621852288.0 15976199808.0 7381708416.0 7357146624.0 967521024.0 23455799424.0 9049418496.0 186171264.0 18914715648.0 28985050368.0 21989923200.0 11491358976.0 10495004544.0 16202951424.0 12207922560.0 10952423424.0 21985651584.0 31828522752.0 7468920576.0 11378517120.0 9393639552.0 29941892352.0 22465496448.0 20118955392.0 15861934080.0 22604323968.0 33857896320.0 31961298816.0 7930255104.0 19616684544.0 18057900672.0 6302057472.0 33884237952.0 16667845632.0 32471756928.0 9570555648.0 14067855360.0 26949625344.0 10830326400.0 26393603328.0 23988683520.0 13624319232.0 23067794304.0 19354336128.0 7309446912.0 5099241600.0 26535634560.0 11010090240.0 3842674560.0 19844860032.0 21071881728.0 33337471104.0 6197402880.0 34735001472.0 22463360640.0 12150967680.0 18322740864.0 34060442112.0 15411990528.0 18598616064.0 29053396224.0 7126479360.0 9246624768.0 9610068096.0 31688271360.0 8086525056.0 32003303040.0 4113922176.0 23165685504.0 12468135168.0 22030859520.0 16455332736.0 1065412224.0 27137932416.0 35523114624.0 8735098752.0 31817131776.0 6388913664.0 30354103296.0 29698410240.0 33569918208.0 11454338304.0 20132838144.0 13486559616.0 26166851712.0 493727616.0 27414875520.0 6062491008.0 6375030912.0 21522537216.0 
20112519424.0 5419348128.0 5224733952.0 9518981312.0 18589036672.0 26755668352.0 1134652384.0 13122328448.0 29305949824.0 19717719296.0 36316437984.0 24636801536.0 18136926848.0 20649797824.0 35417392128.0 -2142247182048.0 4634921664.0 37598742432.0 1778988480.0 12667432736.0 24173946144.0 17861919904.0 8252994208.0 8225533312.0 1081720512.0 26224359712.0 10117549248.0 208145632.0 21147277824.0 32406245184.0 24585461600.0 12847719488.0 11733762272.0 18115435712.0 13648861280.0 12245171712.0 24580685792.0 35585341376.0 8350500288.0 12721558560.0 10502399776.0 33476026176.0 25117168224.0 22493657696.0 17734167040.0 25272381984.0 37854248160.0 35733789408.0 8866287552.0 21932102272.0 20189330336.0 7045908736.0 37883698976.0 18635202816.0 36304498464.0 10700197824.0 15728327680.0 30130572672.0 12108663200.0 29508921664.0 26820141760.0 15232439616.0 25790557152.0 21638788064.0 8172203456.0 5701120800.0 29667717280.0 12309645120.0 4296237280.0 22187210016.0 23559060864.0 37272395552.0 6928901440.0 38834880736.0 25114780320.0 13585183840.0 20485430432.0 38080701056.0 17231115264.0 20793868032.0 32482658112.0 7967639680.0 10338032384.0 10744374048.0 35428535680.0 9041002528.0 35780751520.0 4599501088.0 25900002752.0 13939787584.0 24631229760.0 18397606368.0 1191166112.0 30341106208.0 39716017312.0 9766129376.0 35572605888.0 7143016832.0 33936891648.0 33203805120.0 37532279104.0 12806329152.0 22509179072.0 15078419808.0 29255405856.0 552003808.0 30650737760.0 6778065504.0 7127495456.0 24062908608.0 
2354169024.0 634334328.0 611554752.0 1114196112.0 2175845472.0 3131749152.0 132810984.0 1535967648.0 3430259424.0 2307957696.0 4250836584.0 2883735936.0 2122926048.0 2417057424.0 4145603328.0 4634921664.0 -254842290648.0 4400930232.0 208230480.0 1482722136.0 2829558744.0 2090736504.0 966012408.0 962798112.0 126615312.0 3069559512.0 1184258448.0 24363432.0 2475287424.0 3793148784.0 2877726600.0 1503824688.0 1373436072.0 2120410512.0 1597598280.0 1433296512.0 2877167592.0 4165261776.0 977425488.0 1489057560.0 1229305176.0 3918366576.0 2939962824.0 2632881096.0 2075783040.0 2958130584.0 4430837160.0 4182637608.0 1037798352.0 2567151072.0 2363159736.0 824723136.0 4434284376.0 2181249216.0 4249439064.0 1252457424.0 1840999680.0 3526781472.0 1417318200.0 3454017264.0 3139295760.0 1782956016.0 3018782952.0 2532818664.0 956555856.0 667315800.0 3472604280.0 1440843120.0 502874280.0 2597011416.0 2757586464.0 4362731352.0 811027440.0 4545620136.0 2939683320.0 1590144840.0 2397818232.0 4457343456.0 2016900864.0 2433920832.0 3802092912.0 932611680.0 1210065984.0 1257628248.0 4146907680.0 1058248728.0 4188134520.0 538371288.0 3031593552.0 1631651184.0 2883083760.0 2153438568.0 139425912.0 3551424408.0 4648757112.0 1143124776.0 4163771088.0 836089632.0 3972310848.0 3886503120.0 4393150704.0 1498979952.0 2634697872.0 1764928008.0 3424343256.0 64612008.0 3587666760.0 793372104.0 834272856.0 2816561808.0 
19097150112.0 5145755364.0 4960966176.0 9038420856.0 17650579536.0 25404923376.0 1077370092.0 12459855024.0 27826455312.0 18722281248.0 34483022892.0 23393026368.0 17221294224.0 19607304312.0 33629364864.0 37598742432.0 4400930232.0 -2035995180840.0 1689177240.0 12027924468.0 22953537972.0 16960170852.0 7836346404.0 7810271856.0 1027110456.0 24900437556.0 9606770424.0 197637516.0 20079669312.0 30770233992.0 23344278300.0 12199109544.0 11141389836.0 17200888056.0 12959806140.0 11626981056.0 23339743596.0 33788835288.0 7928929944.0 12079317780.0 9972191988.0 31786007688.0 23849142012.0 21358077948.0 16838867520.0 23996519892.0 35943197580.0 33929789004.0 8418677976.0 20824872336.0 19170083268.0 6690199968.0 35971161588.0 17694415008.0 34471686132.0 10160004312.0 14934291840.0 28609447536.0 11497364100.0 28019180232.0 25466141880.0 14463438408.0 24488535276.0 20546365932.0 7759634328.0 5413302900.0 28169959140.0 11688199560.0 4079344140.0 21067101108.0 22369694832.0 35390719476.0 6579099720.0 36874323468.0 23846874660.0 12899343420.0 19451234916.0 36158218128.0 16361212032.0 19744101216.0 30842789256.0 7565397840.0 9816122592.0 10201950324.0 33639945840.0 8584572564.0 33974380260.0 4367297844.0 24592455576.0 13236045192.0 23387735880.0 17468813484.0 1131030756.0 28809352404.0 37710976356.0 9273091788.0 33776742744.0 6782405616.0 32223606624.0 31527529560.0 35637482952.0 12159808776.0 21372815736.0 14317194204.0 27778463028.0 524136204.0 29103352380.0 6435878652.0 6767667828.0 22848106104.0 
903583680.0 243471960.0 234728640.0 427653840.0 835139040.0 1202036640.0 50975880.0 589539360.0 1316611680.0 885846720.0 1631567880.0 1106843520.0 814827360.0 927721680.0 1591176960.0 1778988480.0 208230480.0 1689177240.0 -97942581240.0 569102520.0 1086049080.0 802472280.0 370777560.0 369543840.0 48597840.0 1178166840.0 454545360.0 9351240.0 950071680.0 1455896880.0 1104537000.0 577202160.0 527156040.0 813861840.0 613194600.0 550131840.0 1104322440.0 1598722320.0 375158160.0 571534200.0 471835320.0 1503958320.0 1128424680.0 1010559720.0 796732800.0 1135397880.0 1700656200.0 1605391560.0 398330640.0 985331040.0 907034520.0 316547520.0 1701979320.0 837213120.0 1631031480.0 480721680.0 706617600.0 1353659040.0 543999000.0 1325730480.0 1204933200.0 684339120.0 1158677640.0 972153480.0 367147920.0 256131000.0 1332864600.0 553028400.0 193014600.0 996792120.0 1058424480.0 1674515640.0 311290800.0 1744712520.0 1128317400.0 610333800.0 920337240.0 1710829920.0 774132480.0 934194240.0 1459329840.0 357957600.0 464450880.0 482706360.0 1591677600.0 406179960.0 1607501400.0 206639160.0 1163594640.0 626264880.0 1106593200.0 826538760.0 53514840.0 1363117560.0 1784298840.0 438757320.0 1598150160.0 320910240.0 1524663360.0 1491728400.0 1686191280.0 575342640.0 1011257040.0 677419560.0 1314340920.0 24799560.0 1377028200.0 304514280.0 320212920.0 1081060560.0 
6434041376.0 1733661972.0 1671404448.0 3045144088.0 5946675728.0 8559200048.0 362977916.0 4197863152.0 9375040976.0 6307743904.0 11617712316.0 7881369664.0 5802044752.0 6605917976.0 11330105472.0 12667432736.0 1482722136.0 12027924468.0 569102520.0 -693924908824.0 7733301156.0 5714069396.0 2640151892.0 2631367088.0 346044888.0 8389233188.0 3236627352.0 66586268.0 6765062976.0 10366832616.0 7864945900.0 4110015112.0 3753657628.0 5795169688.0 4366302220.0 3917258688.0 7863418108.0 11383832824.0 2671344312.0 4069655940.0 3359741924.0 10709058024.0 8035040076.0 7195773004.0 5673200960.0 8084693316.0 12109661340.0 11431321692.0 2836345848.0 7016130128.0 6458613364.0 2254002464.0 12119082724.0 5961444384.0 11613892836.0 3423017976.0 5031528320.0 9638839728.0 3873589300.0 9439972136.0 8579825240.0 4872892584.0 8250458748.0 6922298236.0 2614306744.0 1823801700.0 9490771220.0 3937883880.0 1374376220.0 7097739684.0 7536597936.0 11923525348.0 2216571560.0 12423367964.0 8034276180.0 4345931660.0 6553336468.0 12182104144.0 5512273536.0 6652006368.0 10391277288.0 2548866320.0 3307160416.0 3437150052.0 11333670320.0 2892237572.0 11446344980.0 1471391012.0 8285470648.0 4459370216.0 7879587240.0 5885436732.0 381056788.0 9706189892.0 12705245588.0 3124207324.0 11379758712.0 2285067568.0 10856489952.0 10621973880.0 12006662696.0 4096774248.0 7200738328.0 4823621292.0 9358871844.0 176587292.0 9805241740.0 2168318796.0 2280102244.0 7697779992.0 
12278428704.0 3308440788.0 3189631392.0 5811212952.0 11348362512.0 16333983792.0 692690364.0 8011009008.0 17890897104.0 12037408416.0 22170707964.0 15040443456.0 11072355408.0 12606430104.0 21621852288.0 24173946144.0 2829558744.0 22953537972.0 1086049080.0 7733301156.0 -1317229811928.0 10904467284.0 5038344468.0 5021579952.0 660376152.0 16009626852.0 6176630808.0 127070172.0 12910135104.0 19783586664.0 15009101100.0 7843363848.0 7163307612.0 11059235352.0 8332450380.0 7475516352.0 15006185532.0 21724383096.0 5097870648.0 7766344260.0 6411576996.0 20436673896.0 15333701004.0 13732082316.0 10826475840.0 15428456964.0 23109520860.0 21815008668.0 5412751992.0 13389260112.0 12325320756.0 4301434656.0 23127500196.0 11376546336.0 22163419044.0 6532330104.0 9601937280.0 18394318512.0 7392179700.0 18014808744.0 16373343960.0 9299204136.0 15744796092.0 13210195644.0 4989022776.0 3480459300.0 18111751380.0 7514876520.0 2622796380.0 13545000036.0 14382496944.0 22754307492.0 4230003240.0 23708184156.0 15332243220.0 8293576140.0 12506085972.0 23247767376.0 10519369344.0 12694383072.0 19830235752.0 4864139280.0 6311232864.0 6559299108.0 21628655280.0 5519413188.0 21843678420.0 2807934948.0 15811611192.0 8510057064.0 15037041960.0 11231496828.0 727191252.0 18522846468.0 24246106452.0 5962093596.0 21716608248.0 4360717872.0 20718026208.0 20270486520.0 22912962984.0 7818095592.0 13741557912.0 9205177068.0 17860040676.0 336991068.0 18711872460.0 4137919884.0 4351242276.0 14690089368.0 
9072424864.0 2444578308.0 2356791072.0 4293855032.0 8385206992.0 12069039472.0 511822924.0 5919265328.0 13219429264.0 8894337056.0 16381744524.0 11113253696.0 8181267728.0 9314782264.0 15976199808.0 17861919904.0 2090736504.0 16960170852.0 802472280.0 5714069396.0 10904467284.0 -976136975688.0 3722789188.0 3710402032.0 487946232.0 11829374932.0 4563859128.0 93891052.0 9539187264.0 14617921224.0 11090095100.0 5795393768.0 5292906092.0 8171573432.0 6156775580.0 5523594432.0 11087940812.0 16051958936.0 3766772568.0 5738484660.0 4737458836.0 15100481736.0 11329939164.0 10146516956.0 7999589440.0 11399953524.0 17075425260.0 16118921388.0 3999435672.0 9893208592.0 9107072996.0 3178292896.0 17088710036.0 8406031776.0 16376358804.0 4826682264.0 7094788480.0 13591402992.0 5462017700.0 13310986504.0 12098122360.0 6871101576.0 11633693772.0 9760899404.0 3686345816.0 2571681300.0 13382616580.0 5552677320.0 1937961580.0 10008283476.0 10627102704.0 16812961172.0 3125512840.0 17517772396.0 11328862020.0 6128051740.0 9240638852.0 17177574416.0 7772671104.0 9379769952.0 14652389832.0 3594070480.0 4663315424.0 4846609428.0 15981226480.0 4078246708.0 16140105220.0 2074758868.0 11683062872.0 6288007624.0 11110740360.0 8298855948.0 537315332.0 13686371188.0 17915238532.0 4405339436.0 16046214168.0 3222096752.0 15308370528.0 14977687320.0 16930190344.0 5776723272.0 10153518392.0 6801625788.0 13196629716.0 248999788.0 13826040860.0 3057473244.0 3215095316.0 10854380088.0 
4191860128.0 1129502916.0 1088941344.0 1983950264.0 3874335184.0 5576428144.0 236484748.0 2734961456.0 6107958928.0 4109575712.0 7569087948.0 5134812992.0 3780106256.0 4303839928.0 7381708416.0 8252994208.0 966012408.0 7836346404.0 370777560.0 2640151892.0 5038344468.0 3722789188.0 -453020999688.0 1714369264.0 225452664.0 5465692564.0 2108704056.0 43381804.0 4407524928.0 6754123848.0 5124112700.0 2677727336.0 2445555884.0 3775627064.0 2844701660.0 2552144064.0 5123117324.0 7416712472.0 1740414936.0 2651432820.0 2188914772.0 6977088072.0 5234931228.0 4688138012.0 3696162880.0 5267280948.0 7889599020.0 7447652076.0 1847915544.0 4571098384.0 4207869092.0 1468511392.0 7895737172.0 3883957152.0 7566599508.0 2230139928.0 3278104960.0 6279827184.0 2523692900.0 6150262408.0 5589865720.0 3174751752.0 5375279244.0 4509965708.0 1703254232.0 1188230100.0 6183358660.0 2565581640.0 895423660.0 4624268052.0 4910189808.0 7768329044.0 1444124680.0 8093982892.0 5234433540.0 2831429980.0 4269582404.0 7936796432.0 3591316608.0 4333867104.0 6770049864.0 1660618960.0 2154657248.0 2239347156.0 7384030960.0 1884329716.0 7457439940.0 958630036.0 5398089944.0 2905336648.0 5133651720.0 3834437196.0 248263364.0 6323706676.0 8277629764.0 2035460972.0 7414058136.0 1488750704.0 7073141856.0 6920351640.0 7822494088.0 2669100744.0 4691372984.0 3142650876.0 6097424532.0 115048876.0 6388240220.0 1412687388.0 1485515732.0 5015201976.0 
4177912192.0 1125744624.0 1085318016.0 1977348896.0 3861443776.0 5557873216.0 235697872.0 2725861184.0 6087635392.0 4095901568.0 7543902672.0 5117727488.0 3767528384.0 4289519392.0 7357146624.0 8225533312.0 962798112.0 7810271856.0 369543840.0 2631367088.0 5021579952.0 3710402032.0 1714369264.0 -451519328400.0 224702496.0 5447506096.0 2101687584.0 43237456.0 4392859392.0 6731650272.0 5107062800.0 2668817504.0 2437418576.0 3763064096.0 2835236240.0 2543652096.0 5106070736.0 7392034208.0 1734623904.0 2642610480.0 2181631408.0 6953872608.0 5217512592.0 4672538768.0 3683864320.0 5249754672.0 7863347280.0 7422870864.0 1841766816.0 4555888576.0 4193867888.0 1463625088.0 7869465008.0 3871033728.0 7541422512.0 2222719392.0 3267197440.0 6258931776.0 2515295600.0 6129798112.0 5571266080.0 3164188128.0 5357393616.0 4494959312.0 1697586848.0 1184276400.0 6162784240.0 2557044960.0 892444240.0 4608881328.0 4893851712.0 7742480816.0 1439319520.0 8067051088.0 5217016560.0 2822008720.0 4255375856.0 7910387648.0 3579366912.0 4319446656.0 6747523296.0 1655093440.0 2147487872.0 2231895984.0 7359461440.0 1878059824.0 7432626160.0 955440304.0 5380128416.0 2895669472.0 5116570080.0 3821678544.0 247437296.0 6302665264.0 8250086896.0 2028688208.0 7389388704.0 1483797056.0 7049606784.0 6897324960.0 7796465632.0 2660219616.0 4675762976.0 3132194064.0 6077136048.0 114666064.0 6366984080.0 1407986832.0 1480572848.0 4998514464.0 
549427392.0 148044024.0 142727616.0 260036496.0 507809376.0 730902816.0 30996072.0 358471584.0 800570592.0 538642368.0 992080872.0 673020288.0 495458784.0 564104592.0 967521024.0 1081720512.0 126615312.0 1027110456.0 48597840.0 346044888.0 660376152.0 487946232.0 225452664.0 224702496.0 -59573395800.0 716388696.0 276387984.0 5686056.0 577694592.0 885263472.0 671617800.0 350969904.0 320539176.0 494871696.0 372855240.0 334509696.0 671487336.0 972109008.0 228116304.0 347523480.0 286901208.0 914487408.0 686142792.0 614474568.0 484456320.0 690382872.0 1034090280.0 976164264.0 242206416.0 599134176.0 551525688.0 192477888.0 1034894808.0 509070528.0 991754712.0 292304592.0 429661440.0 823097376.0 330780600.0 806115312.0 732664080.0 416114928.0 704538216.0 591121512.0 223245648.0 155741400.0 810453240.0 336270960.0 117363240.0 606103128.0 643578912.0 1018195416.0 189281520.0 1060878888.0 686077560.0 371115720.0 559614456.0 1040276448.0 470714112.0 568040256.0 887350896.0 217657440.0 282411072.0 293511384.0 967825440.0 246979224.0 977447160.0 125647704.0 707528016.0 380802672.0 672868080.0 502579944.0 32539896.0 828848664.0 1084949496.0 266788008.0 971761104.0 195130656.0 927077184.0 907050960.0 1025294832.0 349839216.0 614898576.0 411907464.0 799189848.0 15079464.0 837307080.0 185161032.0 194706648.0 657342864.0 
13319874592.0 3589059924.0 3460173216.0 6304115096.0 12310920976.0 17719418416.0 751443772.0 8690495984.0 19408387792.0 13058411168.0 24051208572.0 16316161088.0 12011503184.0 13675696792.0 23455799424.0 26224359712.0 3069559512.0 24900437556.0 1178166840.0 8389233188.0 16009626852.0 11829374932.0 5465692564.0 5447506096.0 716388696.0 -1427598202200.0 6700527384.0 137848156.0 14005161792.0 21461613672.0 16282160300.0 8508631304.0 7770893276.0 11997270296.0 9039201740.0 8109583296.0 16278997436.0 23567026808.0 5530267704.0 8425078980.0 6955401508.0 22170095208.0 16634292492.0 14896825868.0 11744768320.0 16737085572.0 25069650780.0 23665339164.0 5871857016.0 14524925776.0 13370743988.0 4666278688.0 25089155108.0 12341495328.0 24043301412.0 7086396792.0 10416365440.0 19954508976.0 8019178100.0 19542809512.0 17762117080.0 10087954728.0 17080256316.0 14330673212.0 5412187448.0 3775668900.0 19647974740.0 8152281960.0 2845259740.0 14693875428.0 15602408112.0 24684308516.0 4588788520.0 25719092188.0 16632711060.0 8997030220.0 13566841556.0 25219623248.0 11411613312.0 13771109856.0 21512219496.0 5276711440.0 6846546272.0 7115653284.0 23463179440.0 5987565124.0 23696440660.0 3046101604.0 17152738616.0 9231872872.0 16312471080.0 12184142844.0 788870996.0 20093938564.0 26302640596.0 6467793308.0 23558592504.0 4730590256.0 22475311584.0 21989811960.0 24856421032.0 8481219816.0 14907105176.0 9985952364.0 19374914148.0 365574364.0 20298997580.0 4488894732.0 4720310948.0 15936090264.0 
5138904768.0 1384685496.0 1334960064.0 2432173584.0 4749643104.0 6836280864.0 289912488.0 3352856736.0 7487897568.0 5038030272.0 9279131688.0 6294893952.0 4634125536.0 5276183568.0 9049418496.0 10117549248.0 1184258448.0 9606770424.0 454545360.0 3236627352.0 6176630808.0 4563859128.0 2108704056.0 2101687584.0 276387984.0 6700527384.0 -554893213848.0 53182824.0 5403293568.0 8280047088.0 6281776200.0 3282692016.0 2998067304.0 4628634384.0 3487389960.0 3128736384.0 6280555944.0 9092330832.0 2133617616.0 3250456920.0 2683444632.0 8553384432.0 6417631368.0 5747304072.0 4531217280.0 6457289688.0 9672054120.0 9130260456.0 2265405264.0 5603822304.0 5158530552.0 1800284352.0 9679579032.0 4761438912.0 9276081048.0 2733983568.0 4018709760.0 7698595104.0 3093857400.0 7539758448.0 6852754320.0 3892006512.0 6589687464.0 5528878248.0 2088061392.0 1456680600.0 7580331960.0 3145209840.0 1097721960.0 5669004312.0 6019522848.0 9523386264.0 1770388080.0 9922613352.0 6417021240.0 3471119880.0 5234186424.0 9729914592.0 4402683648.0 5312994624.0 8299571184.0 2035793760.0 2641447488.0 2745270936.0 9052265760.0 2310046296.0 9142259640.0 1175208216.0 6617651664.0 3561723888.0 6293470320.0 4700731176.0 304352184.0 7752388056.0 10147750584.0 2495321832.0 9089076816.0 1825096224.0 8671139136.0 8483829840.0 9589788528.0 3272116464.0 5751269904.0 3852653256.0 7474983192.0 141041256.0 7831501320.0 1731848328.0 1821130392.0 6148259856.0 
