-330543145224.0 4142507556.0 25646275200.0 23037612180.0 18064771236.0 4688547756.0 14493668328.0 22496503956.0 30062155140.0 26382548760.0 4757595420.0 32614452720.0 17877356148.0 24125817456.0 8689789428.0 1868514336.0 23348326668.0 11037057720.0 16892017800.0 20317627416.0 
4142507556.0 -47722631528.0 3424220800.0 3075919220.0 2411959044.0 626002124.0 1935155112.0 3003671924.0 4013817060.0 3522526040.0 635221180.0 4354592880.0 2386935892.0 3221213424.0 1160237012.0 249478944.0 3117404972.0 1473637880.0 2255376200.0 2712754264.0 
25646275200.0 3424220800.0 -277675798400.0 19043024000.0 14932444800.0 3875580800.0 11980550400.0 18595740800.0 24849552000.0 21807968000.0 3932656000.0 26959296000.0 14777526400.0 19942540800.0 7183030400.0 1544524800.0 19299862400.0 9123296000.0 13963040000.0 16794668800.0 
23037612180.0 3075919220.0 19043024000.0 -251368439960.0 13413560820.0 3481368220.0 10761924360.0 16704237220.0 22321929300.0 19589726200.0 3532637900.0 24217076400.0 13274400260.0 17914044720.0 6452393860.0 1387420320.0 17336737660.0 8195301400.0 12542761000.0 15086364920.0 
18064771236.0 2411959044.0 14932444800.0 13413560820.0 -200004099048.0 2729888844.0 8438882472.0 13098502644.0 17503573860.0 15361137240.0 2770091580.0 18989639280.0 10409021652.0 14047164144.0 5059596372.0 1087935264.0 13594473132.0 6426284280.0 9835312200.0 11829860184.0 
4688547756.0 626002124.0 3875580800.0 3481368220.0 2729888844.0 -53930623328.0 2190235512.0 3399597724.0 4542894060.0 3986844040.0 718952180.0 4928588880.0 2701567292.0 3645814224.0 1313172412.0 282363744.0 3528322372.0 1667883880.0 2552666200.0 3070333064.0 
14493668328.0 1935155112.0 11980550400.0 10761924360.0 8438882472.0 2190235512.0 -162134862120.0 10509147912.0 14043410280.0 12324497520.0 2222490840.0 15235705440.0 8351332296.0 11270274912.0 4059398856.0 872868672.0 10907073336.0 5155915440.0 7891035600.0 9491294832.0 
22496503956.0 3003671924.0 18595740800.0 16704237220.0 13098502644.0 3399597724.0 10509147912.0 -245856639128.0 21797631060.0 19129602040.0 3449663180.0 23648264880.0 12962610692.0 17493279024.0 6300839812.0 1354832544.0 16929531772.0 8002809880.0 12248156200.0 14732015864.0 
30062155140.0 4013817060.0 24849552000.0 22321929300.0 17503573860.0 4542894060.0 14043410280.0 21797631060.0 -321208449480.0 25562952600.0 4609796700.0 31601257200.0 17321980980.0 23376328560.0 8419833780.0 1810467360.0 22622991180.0 10694182200.0 16367253000.0 19686443160.0 
26382548760.0 3522526040.0 21807968000.0 19589726200.0 15361137240.0 3986844040.0 12324497520.0 19129602040.0 25562952600.0 -285021454520.0 4045557800.0 27733264800.0 15201771320.0 20515067040.0 7389246520.0 1588866240.0 19853938120.0 9385214800.0 14363902000.0 17276823440.0 
4757595420.0 635221180.0 3932656000.0 3532637900.0 2770091580.0 718952180.0 2222490840.0 3449663180.0 4609796700.0 4045557800.0 -54714265040.0 5001171600.0 2741352940.0 3699505680.0 1332511340.0 286522080.0 3580283540.0 1692446600.0 2590259000.0 3115549480.0 
32614452720.0 4354592880.0 26959296000.0 24217076400.0 18989639280.0 4928588880.0 15235705440.0 23648264880.0 31601257200.0 27733264800.0 5001171600.0 -345796298640.0 18792629040.0 25360994880.0 9134683440.0 1964177280.0 24543698640.0 11602125600.0 17756844000.0 21357835680.0 
17877356148.0 2386935892.0 14777526400.0 13274400260.0 10409021652.0 2701567292.0 8351332296.0 12962610692.0 17321980980.0 15201771320.0 2741352940.0 18792629040.0 -198037122680.0 13901430192.0 5007104996.0 1076648352.0 13453435676.0 6359614040.0 9733274600.0 11707129912.0 
24125817456.0 3221213424.0 19942540800.0 17914044720.0 14047164144.0 3645814224.0 11270274912.0 17493279024.0 23376328560.0 20515067040.0 3699505680.0 25360994880.0 13901430192.0 -262395898128.0 6757179312.0 1452956544.0 18155656272.0 8582414880.0 13135231200.0 15798984864.0 
8689789428.0 1160237012.0 7183030400.0 6452393860.0 5059596372.0 1313172412.0 4059398856.0 6300839812.0 8419833780.0 7389246520.0 1332511340.0 9134683440.0 5007104996.0 6757179312.0 -98834748920.0 523335072.0 6539419036.0 3091268440.0 4731130600.0 5690578232.0 
1868514336.0 249478944.0 1544524800.0 1387420320.0 1087935264.0 282363744.0 872868672.0 1354832544.0 1810467360.0 1588866240.0 286522080.0 1964177280.0 1076648352.0 1452956544.0 523335072.0 -21662660448.0 1406132832.0 664697280.0 1017307200.0 1223611584.0 
23348326668.0 3117404972.0 19299862400.0 17336737660.0 13594473132.0 3528322372.0 10907073336.0 16929531772.0 22622991180.0 19853938120.0 3580283540.0 24543698640.0 13453435676.0 18155656272.0 6539419036.0 1406132832.0 -254524888640.0 8305833640.0 12711928600.0 15289838792.0 
11037057720.0 1473637880.0 9123296000.0 8195301400.0 6426284280.0 1667883880.0 5155915440.0 8002809880.0 10694182200.0 9385214800.0 1692446600.0 11602125600.0 6359614040.0 8582414880.0 3091268440.0 664697280.0 8305833640.0 -124696783640.0 6009094000.0 7227705680.0 
16892017800.0 2255376200.0 13963040000.0 12542761000.0 9835312200.0 2552666200.0 7891035600.0 12248156200.0 16367253000.0 14363902000.0 2590259000.0 17756844000.0 9733274600.0 13135231200.0 4731130600.0 1017307200.0 12711928600.0 6009094000.0 -187658462600.0 11061873200.0 
20317627416.0 2712754264.0 16794668800.0 15086364920.0 11829860184.0 3070333064.0 9491294832.0 14732015864.0 19686443160.0 17276823440.0 3115549480.0 21357835680.0 11707129912.0 15798984864.0 5690578232.0 1223611584.0 15289838792.0 7227705680.0 11061873200.0 -223471293368.0 

