-380423946784.0 22190831076.0 24668856280.0 11733421492.0 24110286112.0 26294173464.0 2742987976.0 15980517456.0 10033575240.0 454335564.0 15295168304.0 639464708.0 22401422108.0 4040483352.0 6229410036.0 2277512836.0 9534946600.0 2825473884.0 8034286576.0 186720512.0 22223719348.0 22794755232.0 716646056.0 18100484860.0 9019078140.0 12182452496.0 17976092928.0 21710768396.0 23105337220.0 22920738532.0 
22190831076.0 -474213846624.0 31127470680.0 14805377652.0 30422659872.0 33178316184.0 3461136456.0 20164416336.0 12660490440.0 573286284.0 19299634224.0 806884548.0 28266393948.0 5098332312.0 7860347316.0 2873794116.0 12031314600.0 3565218204.0 10137763056.0 235606272.0 28042166388.0 28762706592.0 904272936.0 22839417660.0 11380385340.0 15371970576.0 22682458368.0 27394918476.0 29154602820.0 28921673892.0 
24668856280.0 31127470680.0 -523692805000.0 16458677560.0 33819924160.0 36883301520.0 3847637680.0 22416154080.0 14074273200.0 637304520.0 21454802720.0 896988440.0 31422870440.0 5667657360.0 8738103480.0 3194707480.0 13374838000.0 3963342120.0 11269835680.0 261916160.0 31173603640.0 31974605760.0 1005252080.0 25389869800.0 12651220200.0 17088541280.0 25215383040.0 30454078280.0 32410264600.0 32151324760.0 
11733421492.0 14805377652.0 16458677560.0 -257718010576.0 16086008224.0 17543063928.0 1830078952.0 10661952912.0 6694245480.0 303125628.0 10204698608.0 426640916.0 14945880716.0 2695747704.0 4156165572.0 1519521172.0 6361568200.0 1885112268.0 5360351152.0 124577024.0 14827320196.0 15208306464.0 478135112.0 12076362220.0 6017388780.0 8127942992.0 11993369856.0 14485087292.0 15415521940.0 15292360564.0 
24110286112.0 30422659872.0 33819924160.0 16086008224.0 -512600747296.0 36048163008.0 3760516672.0 21908591232.0 13755593280.0 622874208.0 20969007488.0 876678176.0 30711370976.0 5539326144.0 8540248992.0 3122370592.0 13071995200.0 3873601248.0 11014655872.0 255985664.0 30467748256.0 31250613504.0 982490432.0 24814973920.0 12364762080.0 16701610112.0 24644438016.0 29764514912.0 31676407840.0 31423331104.0 
26294173464.0 33178316184.0 36883301520.0 17543063928.0 36048163008.0 -555766438344.0 4101140784.0 23893051104.0 15001562160.0 679293576.0 22868360736.0 956086872.0 33493178472.0 6041073168.0 9313816824.0 3405192024.0 14256044400.0 4224468456.0 12012353184.0 279172608.0 33227488632.0 34081265088.0 1071483504.0 27062691240.0 13484750760.0 18214426464.0 26876708352.0 32460557064.0 34545627480.0 34269627288.0 
2742987976.0 3461136456.0 3847637680.0 1830078952.0 3760516672.0 4101140784.0 -61650440824.0 2492504736.0 1564951440.0 70863384.0 2385609824.0 99738248.0 3493982648.0 630200112.0 971610216.0 355227016.0 1487179600.0 440693304.0 1253119456.0 29123072.0 3466266088.0 3555331392.0 111776336.0 2823159160.0 1406718840.0 1900114976.0 2803757568.0 3386260376.0 3603773320.0 3574981192.0 
15980517456.0 20164416336.0 22416154080.0 10661952912.0 21908591232.0 23893051104.0 2492504736.0 -347143826064.0 9117332640.0 412846704.0 13898449344.0 581070288.0 20355776688.0 3671515872.0 5660554896.0 2069535696.0 8664237600.0 2567458224.0 7300614336.0 169669632.0 20194301328.0 20713191552.0 651203616.0 16447590960.0 8195477040.0 11069979456.0 16334558208.0 19728191856.0 20995411920.0 20827670352.0 
10033575240.0 12660490440.0 14074273200.0 6694245480.0 13755593280.0 15001562160.0 1564951440.0 9117332640.0 -221351652600.0 259211160.0 8726321760.0 364832520.0 12780638520.0 2305208880.0 3554052840.0 1299384840.0 5439954000.0 1612011960.0 4583785440.0 106529280.0 12679254120.0 13005046080.0 408866640.0 10326833400.0 5145636600.0 6950430240.0 10255864320.0 12386601240.0 13182241800.0 13076923080.0 
454335564.0 573286284.0 637304520.0 303125628.0 622874208.0 679293576.0 70863384.0 412846704.0 259211160.0 -10270613544.0 395141136.0 16520172.0 578726772.0 104383368.0 160932924.0 58838124.0 246329400.0 72994356.0 207560784.0 4823808.0 574135932.0 588888288.0 18514104.0 467614740.0 233002260.0 314726064.0 464401152.0 560884164.0 596911980.0 592142988.0 
15295168304.0 19299634224.0 21454802720.0 10204698608.0 20969007488.0 22868360736.0 2385609824.0 13898449344.0 8726321760.0 395141136.0 -332852083824.0 556150192.0 19482787792.0 3514057248.0 5417793264.0 1980780464.0 8292658400.0 2457348816.0 6987516224.0 162393088.0 19328237552.0 19824874368.0 623275744.0 15742210640.0 7844001360.0 10595226304.0 15634025472.0 18882117904.0 20094991280.0 19934443568.0 
639464708.0 806884548.0 896988440.0 426640916.0 876678176.0 956086872.0 99738248.0 581070288.0 364832520.0 16520172.0 556150192.0 -14448872256.0 814541884.0 146916696.0 226508628.0 82813028.0 346701800.0 102737532.0 292136048.0 6789376.0 808080404.0 828843936.0 26058088.0 658154780.0 327944220.0 442968208.0 653631744.0 789428908.0 840137060.0 833424836.0 
22401422108.0 28266393948.0 31422870440.0 14945880716.0 30711370976.0 33493178472.0 3493982648.0 20355776688.0 12780638520.0 578726772.0 19482787792.0 814541884.0 -478445888856.0 5146715496.0 7934942028.0 2901066428.0 12145491800.0 3599052132.0 10233970448.0 237842176.0 28308286604.0 29035664736.0 912854488.0 23056163780.0 11488385220.0 15517850608.0 22897714944.0 27654896308.0 29431280060.0 29196140636.0 
4040483352.0 5098332312.0 5667657360.0 2695747704.0 5539326144.0 6041073168.0 630200112.0 3671515872.0 2305208880.0 104383368.0 3514057248.0 146916696.0 5146715496.0 -90514395336.0 1431203832.0 523257432.0 2190649200.0 649151208.0 1845873312.0 42898944.0 5105888376.0 5237083584.0 164649072.0 4158577320.0 2072128680.0 2798912352.0 4129998336.0 4988038152.0 5308439640.0 5266028184.0 
6229410036.0 7860347316.0 8738103480.0 4156165572.0 8540248992.0 9313816824.0 971610216.0 5660554896.0 3554052840.0 160932924.0 5417793264.0 226508628.0 7934942028.0 1431203832.0 -138775100304.0 806731476.0 3377430600.0 1000828044.0 2845872816.0 66139392.0 7871996868.0 8074266912.0 253847496.0 6411481260.0 3194701740.0 4315219536.0 6367419648.0 7690301436.0 8184280020.0 8118892212.0 
2277512836.0 2873794116.0 3194707480.0 1519521172.0 3122370592.0 3405192024.0 355227016.0 2069535696.0 1299384840.0 58838124.0 1980780464.0 82813028.0 2901066428.0 523257432.0 806731476.0 -51248864704.0 1234810600.0 365909244.0 1040469616.0 24180992.0 2878053268.0 2952004512.0 92808296.0 2344079260.0 1168003740.0 1577672336.0 2327970048.0 2811624236.0 2992226020.0 2968319812.0 
9534946600.0 12031314600.0 13374838000.0 6361568200.0 13071995200.0 14256044400.0 1487179600.0 8664237600.0 5439954000.0 246329400.0 8292658400.0 346701800.0 12145491800.0 2190649200.0 3377430600.0 1234810600.0 -210621703000.0 1531901400.0 4355989600.0 101235200.0 12049145800.0 12358747200.0 388547600.0 9813631000.0 4889919000.0 6605021600.0 9746188800.0 11771036600.0 12527137000.0 12427052200.0 
2825473884.0 3565218204.0 3963342120.0 1885112268.0 3873601248.0 4224468456.0 440693304.0 2567458224.0 1612011960.0 72994356.0 2457348816.0 102737532.0 3599052132.0 649151208.0 1000828044.0 365909244.0 1531901400.0 -63491112984.0 1290802704.0 29998848.0 3570502092.0 3662245728.0 115137624.0 2908055940.0 1449021060.0 1957254384.0 2888070912.0 3488090484.0 3712144380.0 3682486428.0 
8034286576.0 10137763056.0 11269835680.0 5360351152.0 11014655872.0 12012353184.0 1253119456.0 7300614336.0 4583785440.0 207560784.0 6987516224.0 292136048.0 10233970448.0 1845873312.0 2845872816.0 1040469616.0 4355989600.0 1290802704.0 -178158520624.0 85302272.0 10152787888.0 10413662592.0 327395936.0 8269110160.0 4120317840.0 5565488576.0 8212282368.0 9918448976.0 10555550320.0 10471217392.0 
186720512.0 235606272.0 261916160.0 124577024.0 255985664.0 279172608.0 29123072.0 169669632.0 106529280.0 4823808.0 162393088.0 6789376.0 237842176.0 42898944.0 66139392.0 24180992.0 101235200.0 29998848.0 85302272.0 -4223805696.0 235955456.0 242018304.0 7608832.0 192177920.0 95758080.0 129344512.0 190857216.0 230509312.0 245315840.0 243355904.0 
22223719348.0 28042166388.0 31173603640.0 14827320196.0 30467748256.0 33227488632.0 3466266088.0 20194301328.0 12679254120.0 574135932.0 19328237552.0 808080404.0 28308286604.0 5105888376.0 7871996868.0 2878053268.0 12049145800.0 3570502092.0 10152787888.0 235955456.0 -474875102416.0 28805334816.0 905613128.0 22873267180.0 11397251820.0 15394752848.0 22716075264.0 27435519548.0 29197811860.0 28964537716.0 
22794755232.0 28762706592.0 31974605760.0 15208306464.0 31250613504.0 34081265088.0 3555331392.0 20713191552.0 13005046080.0 588888288.0 19824874368.0 828843936.0 29035664736.0 5237083584.0 8074266912.0 2952004512.0 12358747200.0 3662245728.0 10413662592.0 242018304.0 28805334816.0 -486336813216.0 928882752.0 23460993120.0 11690102880.0 15790319232.0 23299762176.0 28140472032.0 29948046240.0 29708778144.0 
716646056.0 904272936.0 1005252080.0 478135112.0 982490432.0 1071483504.0 111776336.0 651203616.0 408866640.0 18514104.0 623275744.0 26058088.0 912854488.0 164649072.0 253847496.0 92808296.0 388547600.0 115137624.0 327395936.0 7608832.0 905613128.0 928882752.0 -16189659864.0 737591960.0 367526040.0 496433056.0 732523008.0 884710456.0 941538920.0 934016552.0 
18100484860.0 22839417660.0 25389869800.0 12076362220.0 24814973920.0 27062691240.0 2823159160.0 16447590960.0 10326833400.0 467614740.0 15742210640.0 658154780.0 23056163780.0 4158577320.0 6411481260.0 2344079260.0 9813631000.0 2908055940.0 8269110160.0 192177920.0 22873267180.0 23460993120.0 737591960.0 -391013822200.0 9282684900.0 12538517360.0 18501492480.0 22345323860.0 23780652700.0 23590658620.0 
9019078140.0 11380385340.0 12651220200.0 6017388780.0 12364762080.0 13484750760.0 1406718840.0 8195477040.0 5145636600.0 233002260.0 7844001360.0 327944220.0 11488385220.0 2072128680.0 3194701740.0 1168003740.0 4889919000.0 1449021060.0 4120317840.0 95758080.0 11397251820.0 11690102880.0 367526040.0 9282684900.0 -199491012600.0 6247670640.0 9218891520.0 11134189140.0 11849382300.0 11754712380.0 
12182452496.0 15371970576.0 17088541280.0 8127942992.0 16701610112.0 18214426464.0 1900114976.0 11069979456.0 6950430240.0 314726064.0 10595226304.0 442968208.0 15517850608.0 2798912352.0 4315219536.0 1577672336.0 6605021600.0 1957254384.0 5565488576.0 129344512.0 15394752848.0 15790319232.0 496433056.0 12538517360.0 6247670640.0 -267269672784.0 12452348928.0 15039422896.0 16005464720.0 15877590032.0 
17976092928.0 22682458368.0 25215383040.0 11993369856.0 24644438016.0 26876708352.0 2803757568.0 16334558208.0 10255864320.0 464401152.0 15634025472.0 653631744.0 22897714944.0 4129998336.0 6367419648.0 2327970048.0 9746188800.0 2888070912.0 8212282368.0 190857216.0 22716075264.0 23299762176.0 732523008.0 18501492480.0 9218891520.0 12452348928.0 -388453806336.0 22191760128.0 23617224960.0 23428536576.0 
21710768396.0 27394918476.0 30454078280.0 14485087292.0 29764514912.0 32460557064.0 3386260376.0 19728191856.0 12386601240.0 560884164.0 18882117904.0 789428908.0 27654896308.0 4988038152.0 7690301436.0 2811624236.0 11771036600.0 3488090484.0 9918448976.0 230509312.0 27435519548.0 28140472032.0 884710456.0 22345323860.0 11134189140.0 15039422896.0 22191760128.0 -464547642984.0 28523890220.0 28296000332.0 
23105337220.0 29154602820.0 32410264600.0 15415521940.0 31676407840.0 34545627480.0 3603773320.0 20995411920.0 13182241800.0 596911980.0 20094991280.0 840137060.0 29431280060.0 5308439640.0 8184280020.0 2992226020.0 12527137000.0 3712144380.0 10555550320.0 245315840.0 29197811860.0 29948046240.0 941538920.0 23780652700.0 11849382300.0 16005464720.0 23617224960.0 28523890220.0 -492555179200.0 30113564740.0 
22920738532.0 28921673892.0 32151324760.0 15292360564.0 31423331104.0 34269627288.0 3574981192.0 20827670352.0 13076923080.0 592142988.0 19934443568.0 833424836.0 29196140636.0 5266028184.0 8118892212.0 2968319812.0 12427052200.0 3682486428.0 10471217392.0 243355904.0 28964537716.0 29708778144.0 934016552.0 23590658620.0 11754712380.0 15877590032.0 23428536576.0 28296000332.0 30113564740.0 -488860530016.0 

