-415909393984.0 1330306880.0 3818671136.0 5390962752.0 184722944.0 1549781408.0 2751640864.0 5562748128.0 3103159808.0 3005402848.0 4625963776.0 4838244320.0 3419521056.0 593445664.0 4879609728.0 842160256.0 5466325536.0 5051395104.0 5599240192.0 1591088800.0 5365609760.0 1966684384.0 475441120.0 4442227104.0 5430413632.0 1238525568.0 2836112160.0 10326848.0 1725279808.0 4220141856.0 87082016.0 2814240128.0 349024256.0 3573321472.0 1890277312.0 3443017536.0 4758820416.0 2981442240.0 4876940992.0 1186137120.0 187391680.0 2620234624.0 2608283328.0 522550112.0 1541543136.0 581204288.0 2986547648.0 2226189952.0 623497952.0 4197399584.0 3651527040.0 2205710304.0 799576512.0 4954972512.0 4182721536.0 4438456064.0 4632693632.0 5327725312.0 5698215488.0 78379616.0 5176129504.0 5128846464.0 2339321152.0 5703088832.0 1767399424.0 3584112448.0 1308086752.0 5503339744.0 1992965632.0 1192692928.0 1047884992.0 629821696.0 3416446208.0 5394907840.0 4704401408.0 3062606624.0 5291813408.0 2117119872.0 723865632.0 5392761248.0 2030908096.0 2908458112.0 5474273728.0 477587712.0 4010530048.0 3091962720.0 1811839680.0 507756032.0 5315193856.0 4214456288.0 678091008.0 4484520768.0 3262065632.0 4064310880.0 5558222880.0 2103080000.0 1899211776.0 1748080096.0 1096850496.0 3772374368.0 4468914464.0 1375327296.0 5771721760.0 4127200224.0 3992080960.0 3027739008.0 1970745504.0 1679621216.0 1975560832.0 2569180544.0 1813870240.0 4094943328.0 553646688.0 3170168288.0 4573285248.0 3799177760.0 2636595136.0 1488516512.0 5233507328.0 2335956224.0 101063872.0 4666807040.0 5731516672.0 1776856032.0 5347044640.0 4751510400.0 45078432.0 174686176.0 4184345984.0 2532514432.0 3201496928.0 3482990560.0 3220584192.0 4932172224.0 5244530368.0 376291776.0 2279564672.0 3855105184.0 2772758688.0 1247053920.0 
1330306880.0 -656756290560.0 6037102120.0 8522805840.0 292036480.0 2450116360.0 4350187880.0 8794388760.0 4905919360.0 4751371160.0 7313385920.0 7648989400.0 5406068520.0 938203880.0 7714385760.0 1331407520.0 8641950120.0 7985968680.0 8852080640.0 2515421000.0 8482724200.0 3109216280.0 751645400.0 7022908680.0 8585175440.0 1958038560.0 4483732200.0 16326160.0 2727569360.0 6671804520.0 137671720.0 4449153760.0 551787520.0 5649218240.0 2988421040.0 5443215120.0 7523424720.0 4713490800.0 7710166640.0 1875215400.0 296255600.0 4142442080.0 4123547760.0 826122040.0 2437092120.0 918850960.0 4721562160.0 3519479840.0 985714840.0 6635850280.0 5772856800.0 3487102680.0 1264085040.0 7833530040.0 6612645120.0 7016946880.0 7324025440.0 8422831040.0 9008554960.0 123913720.0 8183166680.0 8108414880.0 3698333840.0 9016259440.0 2794158080.0 5666278160.0 2068010840.0 8700467480.0 3150765440.0 1885579760.0 1656646640.0 995712320.0 5401207360.0 8529042800.0 7437391360.0 4841807080.0 8366056360.0 3347046240.0 1144390440.0 8525649160.0 3210750320.0 4598107040.0 8654515760.0 755039040.0 6340420160.0 4888217400.0 2864415600.0 802733440.0 8403019520.0 6662815960.0 1072023360.0 7089772560.0 5157140440.0 6425444600.0 8787234600.0 3324850000.0 3002545920.0 2763615320.0 1734058320.0 5963909560.0 7065099880.0 2174314320.0 9124764200.0 6524869080.0 6311253200.0 4786683360.0 3115636680.0 2655385720.0 3123249440.0 4061728480.0 2867625800.0 6473872760.0 875283960.0 5011855960.0 7230104160.0 6006284200.0 4168307120.0 2353260040.0 8273877760.0 3693014080.0 159776240.0 7377956800.0 9061202240.0 2809108440.0 8453373800.0 7511868000.0 71266440.0 276168920.0 6615213280.0 4003761440.0 5061384760.0 5506410200.0 5091560640.0 7797484080.0 8291304560.0 594895920.0 3603862240.0 6094702280.0 4383573960.0 1971521400.0 
3818671136.0 6037102120.0 -1873938877188.0 24464875848.0 838296256.0 7033105492.0 12487296836.0 25244459772.0 14082534592.0 13638901052.0 20993213024.0 21956569180.0 15518222244.0 2693132036.0 22144290672.0 3821830544.0 24806881764.0 22923874596.0 25410065408.0 7220563700.0 24349820740.0 8925064316.0 2157612380.0 20159392596.0 24643908968.0 5620586832.0 12870638340.0 46864552.0 7829539592.0 19151541444.0 395189284.0 12771380272.0 1583916544.0 16216188128.0 8578319288.0 15624852264.0 21596133384.0 13530164760.0 22132179608.0 5382841380.0 850407320.0 11890958576.0 11836722072.0 2371398988.0 6995719164.0 2637579112.0 13553333752.0 10102733648.0 2829513148.0 19048334116.0 16571094960.0 10009794396.0 3628580088.0 22486296588.0 18981723264.0 20142279136.0 21023753968.0 24177896288.0 25859227912.0 355696684.0 23489935196.0 23275358736.0 10616137448.0 25881343768.0 8020683776.0 16265158952.0 5936264348.0 24974856956.0 9044331968.0 5412592472.0 4755435608.0 2858211104.0 15504268192.0 24482779160.0 21349172992.0 13898499076.0 24014923492.0 9607759728.0 3284994468.0 24473037652.0 9216519704.0 13198953488.0 24842951672.0 2167353888.0 18200296352.0 14031720780.0 8222359320.0 2304261568.0 24121026944.0 19125739612.0 3077263392.0 20351326632.0 14803669468.0 18444360620.0 25223923620.0 9544045000.0 8618865024.0 7933010204.0 4977647304.0 17119515532.0 20280503236.0 6241410504.0 26192808740.0 18729760476.0 18116572040.0 13740265392.0 8943494196.0 7622335084.0 8965346768.0 11659268656.0 8231574260.0 18583374572.0 2512519212.0 14386627612.0 20754151152.0 17241152740.0 11965204664.0 6755077588.0 23750323072.0 10600866976.0 458640728.0 21178564960.0 26010352928.0 8063599068.0 24265569860.0 21562959600.0 204571668.0 792748124.0 18989095216.0 11492873168.0 14528800972.0 15806254940.0 14615421408.0 22382825976.0 23800347032.0 1707660024.0 10344954928.0 17494958516.0 12583132212.0 5659289580.0 
5390962752.0 8522805840.0 24464875848.0 -2635437409728.0 1183454592.0 9928901544.0 17628790152.0 35638560504.0 19880847744.0 19254553464.0 29636914368.0 30996920760.0 21907662408.0 3801996552.0 31261934304.0 5395423008.0 35020815048.0 32362502472.0 35872352256.0 10193543400.0 34375564680.0 12599851512.0 3045983160.0 28459778472.0 34790740176.0 7934795424.0 18169967880.0 66160464.0 11053257744.0 27036956808.0 557903688.0 18029841504.0 2236075008.0 22893007296.0 12110338416.0 22058196048.0 30488079888.0 19101046320.0 31244836656.0 7599161160.0 1200552240.0 16786916832.0 16710349104.0 3347793816.0 9876121848.0 3723570384.0 19133754864.0 14262411936.0 3994530936.0 26891255112.0 23394042720.0 14131206072.0 5122604016.0 31744757016.0 26797218048.0 28435618752.0 29680030176.0 34132852416.0 36506451984.0 502150488.0 33161631672.0 32858705952.0 14987203536.0 36537673776.0 11323103232.0 22962141264.0 8380449336.0 35257951992.0 12768226176.0 7641161904.0 6713428656.0 4035044928.0 21887962944.0 34563267120.0 30139436544.0 19621037832.0 33902777544.0 13563638496.0 4637551176.0 34549514664.0 13011310128.0 18633462816.0 35071736304.0 3059735616.0 25694048064.0 19809111960.0 11607816240.0 3253013376.0 34052567808.0 27000531384.0 4344289344.0 28730739024.0 20898901176.0 26038602840.0 35609568840.0 13473690000.0 12167578368.0 11199331128.0 7027133328.0 24168268824.0 28630754952.0 8811235728.0 36977380680.0 26441512632.0 25575851280.0 19397653344.0 12625869672.0 10760739288.0 12656719776.0 16459831392.0 11620825320.0 26234854104.0 3547018584.0 20310147384.0 29299421664.0 24339988680.0 16891732848.0 9536399016.0 33529231104.0 14965645632.0 647480496.0 29898582720.0 36719800896.0 11383688376.0 34256624520.0 30441247200.0 288801576.0 1119152568.0 26807625312.0 16224924576.0 20510858904.0 22314289080.0 20633144256.0 31598683632.0 33599851824.0 2410768368.0 14604364896.0 24698295912.0 17764084584.0 7989433560.0 
184722944.0 292036480.0 838296256.0 1183454592.0 -91446950784.0 340216768.0 604055744.0 1221165888.0 681223168.0 659763008.0 1015517696.0 1062118720.0 750672576.0 130276544.0 1071199488.0 184875776.0 1199998656.0 1108910784.0 1229176832.0 349284800.0 1177888960.0 431737664.0 104371520.0 975182784.0 1192115072.0 271888128.0 622599360.0 2267008.0 378743168.0 926429376.0 19116736.0 617797888.0 76619776.0 784435712.0 414964352.0 755830656.0 1044683136.0 654503040.0 1070613632.0 260387520.0 41137280.0 575208704.0 572585088.0 114713152.0 338408256.0 127589248.0 655623808.0 488705792.0 136873792.0 921436864.0 801603840.0 484209984.0 175527552.0 1087743552.0 918214656.0 974354944.0 1016995072.0 1169572352.0 1250904448.0 17206336.0 1136293184.0 1125913344.0 513540992.0 1251974272.0 387989504.0 786804608.0 287158592.0 1208124224.0 437507072.0 261826688.0 230037632.0 138262016.0 749997568.0 1184320640.0 1032736768.0 672320704.0 1161688768.0 464762112.0 158907072.0 1183849408.0 445836416.0 638481152.0 1201743488.0 104842752.0 880414208.0 678765120.0 397745280.0 111465472.0 1166821376.0 925181248.0 148858368.0 984467328.0 716107072.0 892220480.0 1220172480.0 461680000.0 416925696.0 383748416.0 240786816.0 828132928.0 981041344.0 301919616.0 1267040960.0 906026304.0 876364160.0 664666368.0 432629184.0 368719936.0 433686272.0 564001024.0 398191040.0 898945088.0 121539648.0 695933248.0 1003953408.0 834016960.0 578800256.0 326767552.0 1148889088.0 512802304.0 22186112.0 1024483840.0 1258214912.0 390065472.0 1173813440.0 1043078400.0 9895872.0 38348096.0 918571264.0 555951872.0 702810688.0 764605760.0 707000832.0 1082738304.0 1151308928.0 82605696.0 500422912.0 846294464.0 608691648.0 273760320.0 
1549781408.0 2450116360.0 7033105492.0 9928901544.0 340216768.0 -764703968580.0 5067883508.0 10245290316.0 5715299776.0 5535254156.0 8519951072.0 8910922540.0 6297963732.0 1092989108.0 8987108016.0 1551063632.0 10067702292.0 9303496788.0 10312500224.0 2930416100.0 9882207220.0 3622175948.0 875652140.0 8181550788.0 10001560904.0 2281076496.0 5223460020.0 19019656.0 3177564776.0 7772521332.0 160384852.0 5183176816.0 642821632.0 6581228384.0 3481451864.0 6341238792.0 8764642152.0 5491124280.0 8982192824.0 2184589140.0 345131960.0 4825863728.0 4803852216.0 962415964.0 2839164492.0 1070443336.0 5500527256.0 4100124944.0 1148338444.0 7730635348.0 6725264880.0 4062406188.0 1472634264.0 9125908764.0 7703601792.0 8174605408.0 8532345904.0 9812432864.0 10494789736.0 144357052.0 9533228588.0 9446144208.0 4308486344.0 10503765304.0 3255139328.0 6601102856.0 2409192044.0 10135873868.0 3670579904.0 2196663416.0 1929960824.0 1159985312.0 6292300576.0 9936167480.0 8664414976.0 5640610228.0 9746291476.0 3899243184.0 1333192404.0 9932213956.0 3740461112.0 5356704464.0 10082341016.0 879605664.0 7386465056.0 5694677340.0 3336987960.0 935168704.0 9789352832.0 7762049836.0 1248886176.0 8259445896.0 6007967404.0 7485516860.0 10236955860.0 3873385000.0 3497907072.0 3219557612.0 2020143912.0 6947837596.0 8230702708.0 2533033512.0 10630171220.0 7601344428.0 7352486120.0 5576392176.0 3629655588.0 3093472252.0 3638524304.0 4731833968.0 3340727780.0 7541934716.0 1019688636.0 5838713836.0 8422929456.0 6997203220.0 4855995992.0 2741501764.0 9638905216.0 4302288928.0 186136184.0 8595174880.0 10556122784.0 3272556204.0 9848014580.0 8751178800.0 83024004.0 321731372.0 7706593648.0 4664303504.0 5896413916.0 6414859820.0 5931568224.0 9083915928.0 9659207096.0 693042072.0 4198428784.0 7100208548.0 5106777636.0 2296783740.0 
2751640864.0 4350187880.0 12487296836.0 17628790152.0 604055744.0 5067883508.0 -1353803700484.0 18190539228.0 10147529408.0 9827857948.0 15127194976.0 15821365820.0 11182050756.0 1940604964.0 15956633328.0 2753917456.0 17875231236.0 16518382404.0 18309870592.0 5202961300.0 17545884260.0 6431182684.0 1554722620.0 14526364404.0 17757797032.0 4050057168.0 9274266660.0 33769448.0 5641774408.0 13800131556.0 284763716.0 9202743728.0 1141331456.0 11684987872.0 6181326712.0 11258885736.0 15561644616.0 9749505240.0 15947906392.0 3878743620.0 612782680.0 8568333424.0 8529251928.0 1708772012.0 5040943836.0 1900574888.0 9766200248.0 7279782352.0 2038877852.0 13725762884.0 11940725040.0 7212812604.0 2614665912.0 16203074412.0 13677764736.0 14514032864.0 15149202032.0 17421999712.0 18633526088.0 256306316.0 16926271804.0 16771653264.0 7649728552.0 18649462232.0 5779508224.0 11720275048.0 4277526652.0 17996270044.0 6517124032.0 3900181528.0 3426650392.0 2059556896.0 11171995808.0 17641690840.0 15383691008.0 10014917924.0 17304565508.0 6923116272.0 2367086532.0 17634671348.0 6641198296.0 9510842512.0 17901222328.0 1561742112.0 13114687648.0 10110914220.0 5924830680.0 1660394432.0 17381021056.0 13781539388.0 2217400608.0 14664667368.0 10667161532.0 13290554380.0 18175741380.0 6877205000.0 6210542976.0 5716332796.0 3586770696.0 12335903468.0 14613633764.0 4497407496.0 18873896260.0 13496206524.0 13054357960.0 9900898608.0 6444462804.0 5492467916.0 6460209232.0 8401383344.0 5931470740.0 13390724428.0 1810459788.0 10366651388.0 14954932848.0 12423552260.0 8621833336.0 4867543412.0 17113900928.0 7638725024.0 330485272.0 15260755040.0 18742423072.0 5810431932.0 17485175140.0 15537740400.0 147409332.0 571234876.0 13683076784.0 8281482832.0 10469098028.0 11389600060.0 10531514592.0 16128516024.0 17149946968.0 1230497976.0 7454321072.0 12606438484.0 9067096788.0 4077945420.0 
5562748128.0 8794388760.0 25244459772.0 35638560504.0 1221165888.0 10245290316.0 18190539228.0 -2718281132340.0 20514359616.0 19868108196.0 30581307552.0 31984651140.0 22605759612.0 3923148828.0 32258109456.0 5567350512.0 36136768572.0 33393747708.0 37015440384.0 10518365100.0 35470957020.0 13001351268.0 3143044740.0 29366661708.0 35899362264.0 8187641136.0 18748961820.0 68268696.0 11405474616.0 27898501212.0 575681532.0 18604370256.0 2307328512.0 23622502944.0 12496239624.0 22761090072.0 31459595832.0 19709709480.0 32240466984.0 7841311740.0 1238808360.0 17321839248.0 17242831656.0 3454472724.0 10190828772.0 3842223576.0 19743460296.0 14716889904.0 4121818404.0 27748156668.0 24139504080.0 14581503108.0 5285838024.0 32756317524.0 27651123072.0 29341732128.0 30625797264.0 35220510624.0 37669745976.0 518151732.0 34218341508.0 33905762928.0 15464777304.0 37701962664.0 11683918848.0 23693839896.0 8647496004.0 36381461988.0 13175091264.0 7884650856.0 6927354984.0 4163623392.0 22585432416.0 35664640680.0 31099842816.0 20246270748.0 34983104316.0 13995849744.0 4785328764.0 35650449996.0 13425921192.0 19227226224.0 36189312456.0 3157235424.0 26512800096.0 20440337940.0 11977704360.0 3356672064.0 35137667712.0 27860915076.0 4482722016.0 29646256536.0 21564853764.0 26868334260.0 36744283260.0 13903035000.0 12555303552.0 11556202692.0 7251055992.0 24938401236.0 29543086428.0 9092009592.0 38155681020.0 27284082948.0 26390836920.0 20015768016.0 13028198508.0 11103634932.0 13060031664.0 16984331088.0 11991127980.0 27070839156.0 3660045876.0 20957339076.0 30233060496.0 25115593020.0 17429995272.0 9840280524.0 34597654656.0 15442532448.0 668112744.0 30851314080.0 37889893344.0 11746434564.0 35348226780.0 31411270800.0 298004364.0 1154814852.0 27661861968.0 16741938864.0 21164446356.0 23025343620.0 21290628384.0 32605589448.0 34670525736.0 2487588552.0 15069739344.0 25485317868.0 18330144876.0 8244020340.0 
3103159808.0 4905919360.0 14082534592.0 19880847744.0 681223168.0 5715299776.0 10147529408.0 20514359616.0 -1525454225280.0 11083355456.0 17059676672.0 17842527040.0 12610544832.0 2188515008.0 17995074816.0 3105727232.0 20158771392.0 18628586688.0 20648935424.0 5867633600.0 19787350720.0 7252758848.0 1753336640.0 16382090688.0 20026335104.0 4567447296.0 10459043520.0 38083456.0 6362504576.0 15563082432.0 321141952.0 10378383616.0 1287135232.0 13177731584.0 6970984064.0 12697195392.0 17549626752.0 10994993280.0 17985233024.0 4374248640.0 691064960.0 9662928128.0 9618854016.0 1927065664.0 5684918592.0 2143371136.0 11013821056.0 8209766144.0 2299342144.0 15479213248.0 13466138880.0 8134241088.0 2948686464.0 18272998464.0 15425083392.0 16368183808.0 17084495104.0 19647640064.0 21013937536.0 289049152.0 19088583488.0 18914212608.0 8626972544.0 21031909504.0 6517833728.0 13217526656.0 4823975744.0 20295272768.0 7349679104.0 4398425216.0 3864401024.0 2322662912.0 12599205376.0 19895396480.0 17348939776.0 11294312128.0 19515203776.0 7807536384.0 2669479104.0 19887480256.0 7489603712.0 10725841664.0 20188082816.0 1761252864.0 14790073856.0 11402571840.0 6681720960.0 1872507904.0 19601426432.0 15542115136.0 2500670976.0 16538061696.0 12029879104.0 14988407360.0 20497671360.0 7755760000.0 7003932672.0 6446587712.0 4044976512.0 13911800896.0 16480508608.0 5071946112.0 21285014720.0 15220331328.0 14722037120.0 11165726976.0 7267735488.0 6194124352.0 7285493504.0 9474650368.0 6689209280.0 15101374016.0 2041743936.0 11690979136.0 16865408256.0 14010646720.0 9723262592.0 5489366464.0 19300182016.0 8614563328.0 372704384.0 17210298880.0 21136745984.0 6552707904.0 19718886080.0 17522668800.0 166240704.0 644209472.0 15431074048.0 9339432704.0 11806513216.0 12844608320.0 11876903424.0 18188915328.0 19340832896.0 1387692672.0 8406601984.0 14216896448.0 10225407936.0 4598898240.0 
3005402848.0 4751371160.0 13638901052.0 19254553464.0 659763008.0 5535254156.0 9827857948.0 19868108196.0 11083355456.0 -1477747918900.0 16522256032.0 17280444740.0 12213282492.0 2119571548.0 17428186896.0 3007889392.0 19523721852.0 18041741628.0 19998444544.0 5682789100.0 19164001820.0 7024279588.0 1698102340.0 15866015628.0 19395457624.0 4423561776.0 10129558620.0 36883736.0 6162070456.0 15072808092.0 311025212.0 10051439696.0 1246587392.0 12762601504.0 6751381384.0 12297203352.0 16996771512.0 10648624680.0 17418655144.0 4236449340.0 669294760.0 9358522768.0 9315837096.0 1866358484.0 5505830052.0 2075849816.0 10666859336.0 7951138864.0 2226907364.0 14991580988.0 13041923280.0 7877993028.0 2855795784.0 17697355284.0 14939156352.0 15852546848.0 16546292624.0 19028692384.0 20351948216.0 279943412.0 18487247428.0 18318369648.0 8355202264.0 20369354024.0 6312506368.0 12801142936.0 4672008964.0 19655923108.0 7118146624.0 4259864296.0 3742663144.0 2249493472.0 12202300256.0 19268643880.0 16802406656.0 10938514268.0 18900428156.0 7561580304.0 2585384124.0 19260977036.0 7253663272.0 10387951984.0 19552109896.0 1705769184.0 14324151136.0 11043363540.0 6471230760.0 1813519424.0 18983934592.0 15052501316.0 2421893856.0 16017073176.0 11650909124.0 14516236660.0 19851945660.0 7511435000.0 6783292032.0 6243504772.0 3917550072.0 13473545876.0 15961333148.0 4912167672.0 20614485820.0 14740854468.0 14258257720.0 10813979856.0 7038784428.0 5998994612.0 7055983024.0 9176176208.0 6478483180.0 14625644596.0 1977424116.0 11322685316.0 16334107536.0 13569277820.0 9416956552.0 5316438284.0 18692180096.0 8343183968.0 360963304.0 16668133280.0 20470887904.0 6346281924.0 19097693980.0 16970662800.0 161003724.0 623915332.0 14944958288.0 9045218224.0 11434579796.0 12439972420.0 11502752544.0 17615920968.0 18731550376.0 1343977032.0 8141773904.0 13769030188.0 9903283116.0 4454021940.0 
4625963776.0 7313385920.0 20993213024.0 29636914368.0 1015517696.0 8519951072.0 15127194976.0 30581307552.0 17059676672.0 16522256032.0 -2265663994048.0 26598334880.0 18798878304.0 3262478176.0 26825741952.0 4629791104.0 30051222624.0 27770135136.0 30781923328.0 8747039200.0 29497535840.0 10811882656.0 2613746080.0 24421223136.0 29853796288.0 6808816512.0 15591577440.0 56772032.0 9484756672.0 23200305504.0 478734944.0 15471335552.0 1918767104.0 19644398848.0 10391833408.0 18928050624.0 26161700544.0 16390532160.0 26811070528.0 6520810080.0 1030189120.0 14404786816.0 14339084352.0 2872728608.0 8474661024.0 3195180992.0 16418599232.0 12238519168.0 3427691168.0 23075279456.0 20074335360.0 12125931936.0 4395686208.0 27240050208.0 22994586624.0 24400491776.0 25468316288.0 29289265408.0 31326041792.0 430893344.0 28455864736.0 28195925376.0 12860459968.0 31352833088.0 9716310016.0 19703722432.0 7191230368.0 30254708896.0 10956364288.0 6556850752.0 5760766528.0 3462456064.0 18781974272.0 29658602560.0 25862531072.0 16836734816.0 29091839072.0 11638904448.0 3979464288.0 29646801632.0 11164953664.0 15989300608.0 30094917952.0 2625547008.0 22047960832.0 16998120480.0 9960621120.0 2791397888.0 29220373504.0 23169048992.0 3727817472.0 24653733312.0 17933264288.0 22343621920.0 30556429920.0 11561720000.0 10440950784.0 9610101664.0 6029955264.0 20738695712.0 24567937376.0 7560886464.0 31730143840.0 22689357216.0 21946536640.0 16645049472.0 10834208736.0 9233747744.0 10860681088.0 14124116096.0 9971784160.0 22512024352.0 3043682592.0 17428056992.0 25141717632.0 20886047840.0 14494729024.0 8183146208.0 28771300352.0 12841961216.0 555600448.0 25655855360.0 31509115648.0 9768297888.0 29395473760.0 26121513600.0 247819488.0 960340384.0 23003517056.0 13922543488.0 17600286752.0 19147803040.0 17705219328.0 27114705216.0 28831899712.0 2068670784.0 12531947648.0 21193509856.0 15243290592.0 6855701280.0 
4838244320.0 7648989400.0 21956569180.0 30996920760.0 1062118720.0 8910922540.0 15821365820.0 31984651140.0 17842527040.0 17280444740.0 26598334880.0 -2368412329140.0 19661538780.0 3412189820.0 28056746640.0 4842247280.0 31430241180.0 29044477020.0 32194472960.0 9148431500.0 30851146300.0 11308028420.0 2733688100.0 25541887020.0 31223755160.0 7121265840.0 16307058300.0 59377240.0 9920002040.0 24264942780.0 500703580.0 16181298640.0 2006817280.0 20545859360.0 10868703560.0 19796638680.0 27362233080.0 17142676200.0 28041401960.0 6820043100.0 1077463400.0 15065807120.0 14997089640.0 3004555060.0 8863554180.0 3341804440.0 17172031240.0 12800131760.0 3584984260.0 24134179420.0 20995525200.0 12682378020.0 4597399560.0 28490067060.0 24049783680.0 25520204320.0 26637030160.0 30633318560.0 32763560440.0 450666580.0 29761674020.0 29489806320.0 13450612760.0 32791581160.0 10162181120.0 20607905240.0 7521228260.0 31643065220.0 11459140160.0 6857737640.0 6025121960.0 3621344480.0 19643859040.0 31019604200.0 27049335040.0 17609354620.0 30426832540.0 12173001360.0 4162077660.0 31007261740.0 11677301480.0 16723032560.0 31475941640.0 2746030560.0 23059718240.0 17778146100.0 10417703400.0 2919492160.0 30561265280.0 24232251940.0 3898883040.0 25785066840.0 18756202660.0 23368946900.0 31958631900.0 12092275000.0 10920074880.0 10051098980.0 6306663480.0 21690372340.0 25695333820.0 7907847480.0 33186206300.0 23730547620.0 22953639800.0 17408873040.0 11331379020.0 9657474580.0 11359066160.0 14772256720.0 10429378700.0 23545077140.0 3183353940.0 18227811940.0 26295444240.0 21844486300.0 15159876680.0 8558662060.0 30091584640.0 13431265120.0 581096360.0 26833175200.0 32955035360.0 10216554660.0 30744400700.0 27320202000.0 259191660.0 1004409380.0 24059123920.0 14561434160.0 18407945140.0 20026475300.0 18517692960.0 28358970120.0 30154964840.0 2163599880.0 13107025360.0 22166057420.0 15942788940.0 7170302100.0 
3419521056.0 5406068520.0 15518222244.0 21907662408.0 750672576.0 6297963732.0 11182050756.0 22605759612.0 12610544832.0 12213282492.0 18798878304.0 19661538780.0 -1679685764868.0 2411629956.0 19829638512.0 3422350224.0 22213919844.0 20527735716.0 22754055168.0 6465827700.0 21804633540.0 7992163836.0 1932085980.0 18052213716.0 22067981928.0 5033089872.0 11525323140.0 41965992.0 7011149832.0 17149709124.0 353881764.0 11436440112.0 1418356224.0 14521176288.0 7681662648.0 13991650344.0 19338777864.0 12115911960.0 19818793368.0 4820194980.0 761517720.0 10648045296.0 10599477912.0 2123526348.0 6264485244.0 2361883752.0 12136659192.0 9046736208.0 2533755708.0 17057289636.0 14838986160.0 8963511516.0 3249299448.0 20135895948.0 16997641344.0 18036889056.0 18826226928.0 21650679648.0 23156268552.0 318517164.0 21034628316.0 20842480656.0 9506476008.0 23176072728.0 7182314496.0 14565028392.0 5315770908.0 22364337276.0 8098964928.0 4846836312.0 4258369368.0 2559453984.0 13883670432.0 21923694360.0 19117631232.0 12445745796.0 21504741732.0 8603499888.0 2941627428.0 21914971092.0 8253154584.0 11819320848.0 22246219512.0 1940809248.0 16297893792.0 12565042380.0 7362909720.0 2063406528.0 21599754624.0 17126604252.0 2755609632.0 18224085672.0 13256302428.0 16516447020.0 22587370020.0 8546445000.0 7717970304.0 7103805084.0 4457354184.0 15330082572.0 18160665156.0 5589021384.0 23454981540.0 16772015196.0 16222920840.0 12304051632.0 8008667316.0 6825603564.0 8028235728.0 10440572976.0 7371161460.0 16640930412.0 2249895852.0 12882852252.0 18584804592.0 15439005540.0 10714530744.0 6048996948.0 21267798912.0 9492801696.0 410700888.0 18964856160.0 23291597088.0 7220744028.0 21729189060.0 19309071600.0 183188628.0 709885404.0 17004242736.0 10291570128.0 13010164812.0 14154091740.0 13087731168.0 20043240696.0 21312594072.0 1529165304.0 9263639088.0 15666282036.0 11267868852.0 5067747180.0 
593445664.0 938203880.0 2693132036.0 3801996552.0 130276544.0 1092989108.0 1940604964.0 3923148828.0 2188515008.0 2119571548.0 3262478176.0 3412189820.0 2411629956.0 -293496564484.0 3441362928.0 593936656.0 3855146436.0 3562515204.0 3948884992.0 1122121300.0 3784116260.0 1387011484.0 335306620.0 3132897204.0 3829819432.0 873474768.0 2000178660.0 7283048.0 1216760008.0 2976270756.0 61414916.0 1984753328.0 246150656.0 2520098272.0 1333125112.0 2428200936.0 3356175816.0 2102673240.0 3439480792.0 836527620.0 132158680.0 1847930224.0 1839501528.0 368530412.0 1087179036.0 409896488.0 2106273848.0 1570028752.0 439724252.0 2960231684.0 2575253040.0 1555585404.0 563904312.0 3494512812.0 2949879936.0 3130237664.0 3267224432.0 3757398112.0 4018687688.0 55277516.0 3650484604.0 3617138064.0 1649814952.0 4022124632.0 1246465024.0 2527708648.0 922533052.0 3881250844.0 1405546432.0 841151128.0 739024792.0 444184096.0 2409461408.0 3804778840.0 3317796608.0 2159914724.0 3732071108.0 1493106672.0 510508932.0 3803264948.0 1432305496.0 2051200912.0 3860751928.0 336820512.0 2828441248.0 2180618220.0 1277806680.0 358096832.0 3748560256.0 2972260988.0 478226208.0 3162724968.0 2300583932.0 2866370380.0 3919957380.0 1483205000.0 1339426176.0 1232839996.0 773557896.0 2660481068.0 3151718564.0 969954696.0 4070528260.0 2910723324.0 2815429960.0 2135324208.0 1389875604.0 1184559116.0 1393271632.0 1811924144.0 1279238740.0 2887974028.0 390461388.0 2235772988.0 3225326448.0 2679384260.0 1859468536.0 1049781812.0 3690950528.0 1647441824.0 71275672.0 3291283040.0 4042173472.0 1253134332.0 3771023140.0 3351020400.0 31791732.0 123198076.0 2951025584.0 1786065232.0 2257867628.0 2456392060.0 2271328992.0 3478432824.0 3698724568.0 265381176.0 1607671472.0 2718827284.0 1955498388.0 879489420.0 
4879609728.0 7714385760.0 22144290672.0 31261934304.0 1071199488.0 8987108016.0 15956633328.0 32258109456.0 17995074816.0 17428186896.0 26825741952.0 28056746640.0 19829638512.0 3441362928.0 -2388421604640.0 4883646912.0 31698959472.0 29292797808.0 32469725184.0 9226647600.0 31114913520.0 11404708368.0 2757060240.0 25760261808.0 31490708064.0 7182150336.0 16446478320.0 59884896.0 10004814816.0 24472400112.0 504984432.0 16319643456.0 2023974912.0 20721519744.0 10961627424.0 19965893472.0 27596171232.0 17289240480.0 28281146784.0 6878352240.0 1086675360.0 15194614848.0 15125309856.0 3030243024.0 8939334672.0 3370375776.0 17318846496.0 12909568704.0 3615634704.0 24340518768.0 21175030080.0 12790808208.0 4636705824.0 28733647824.0 24255401472.0 25738393728.0 26864768064.0 30895223424.0 33043678176.0 454519632.0 30016126608.0 29741934528.0 13565611104.0 33071938464.0 10249064448.0 20784096096.0 7585532304.0 31913603088.0 11557112064.0 6916369056.0 6076634784.0 3652305792.0 19811807616.0 31284811680.0 27280598016.0 17759908848.0 30686972016.0 12277076544.0 4197662064.0 31272363696.0 11777138592.0 16866009024.0 31745050656.0 2769508224.0 23256871296.0 17930143440.0 10506771360.0 2944452864.0 30822554112.0 24439429776.0 3932217216.0 26005520736.0 18916562064.0 23568743760.0 32231867760.0 12195660000.0 11013437952.0 10137032592.0 6360583392.0 21875817936.0 25915020528.0 7975456992.0 33469937520.0 23933436048.0 23149885920.0 17557713216.0 11428258608.0 9740042832.0 11456182464.0 14898554688.0 10518546480.0 23746379856.0 3210570576.0 18383653776.0 26520261696.0 22031249520.0 15289488672.0 8631835824.0 30348857856.0 13546098048.0 586064544.0 27062590080.0 33236790144.0 10303902864.0 31007255280.0 27553780800.0 261407664.0 1012996752.0 24264821568.0 14685929664.0 18565327056.0 20197695120.0 18676013184.0 28601430048.0 30412779936.0 2182097952.0 13219086144.0 22355569968.0 16079094576.0 7231605840.0 
842160256.0 1331407520.0 3821830544.0 5395423008.0 184875776.0 1551063632.0 2753917456.0 5567350512.0 3105727232.0 3007889392.0 4629791104.0 4842247280.0 3422350224.0 593936656.0 4883646912.0 -416252803168.0 5470848144.0 5055574416.0 5603872768.0 1592405200.0 5370049040.0 1968311536.0 475834480.0 4445902416.0 5434906528.0 1239550272.0 2838458640.0 10335392.0 1726707232.0 4223633424.0 87154064.0 2816568512.0 349313024.0 3576277888.0 1891841248.0 3445866144.0 4762757664.0 2983908960.0 4880975968.0 1187118480.0 187546720.0 2622402496.0 2610441312.0 522982448.0 1542818544.0 581685152.0 2989018592.0 2228031808.0 624013808.0 4200872336.0 3654548160.0 2207535216.0 800238048.0 4959072048.0 4186182144.0 4442128256.0 4636526528.0 5332133248.0 5702929952.0 78444464.0 5180412016.0 5133089856.0 2341256608.0 5707807328.0 1768861696.0 3587077792.0 1309169008.0 5507892976.0 1994614528.0 1193679712.0 1048751968.0 630342784.0 3419272832.0 5399371360.0 4708293632.0 3065140496.0 5296191632.0 2118871488.0 724464528.0 5397222992.0 2032588384.0 2910864448.0 5478802912.0 477982848.0 4013848192.0 3094520880.0 1813338720.0 508176128.0 5319591424.0 4217943152.0 678652032.0 4488231072.0 3264764528.0 4067673520.0 5562821520.0 2104820000.0 1900783104.0 1749526384.0 1097757984.0 3775495472.0 4472611856.0 1376465184.0 5776497040.0 4130614896.0 3995383840.0 3030244032.0 1972376016.0 1681010864.0 1977195328.0 2571306176.0 1815370960.0 4098331312.0 554104752.0 3172791152.0 4577068992.0 3802321040.0 2638776544.0 1489748048.0 5237837312.0 2337888896.0 101147488.0 4670668160.0 5736258688.0 1778326128.0 5351468560.0 4755441600.0 45115728.0 174830704.0 4187807936.0 2534609728.0 3204145712.0 3485872240.0 3223248768.0 4936252896.0 5248869472.0 376603104.0 2281450688.0 3858294736.0 2775052752.0 1248085680.0 
5466325536.0 8641950120.0 24806881764.0 35020815048.0 1199998656.0 10067702292.0 17875231236.0 36136768572.0 20158771392.0 19523721852.0 30051222624.0 31430241180.0 22213919844.0 3855146436.0 31698959472.0 5470848144.0 -2671789846788.0 32814912996.0 36373828608.0 10336043700.0 34856116740.0 12775990716.0 3088564380.0 28857630996.0 35277096168.0 8045719632.0 18423974340.0 67085352.0 11207776392.0 27414919044.0 565702884.0 18281889072.0 2267334144.0 23213039328.0 12279634488.0 22366557864.0 30914286984.0 19368068760.0 31681622808.0 7705393380.0 1217335320.0 17021588976.0 16943950872.0 3394594188.0 10014184764.0 3775623912.0 19401234552.0 14461792848.0 4050372348.0 27267180516.0 23721078960.0 14328752796.0 5194215288.0 32188531788.0 27171828864.0 28833133536.0 30094941168.0 34610011488.0 37016792712.0 509170284.0 33625213596.0 33318053136.0 15196716648.0 37048450968.0 11481394176.0 23283139752.0 8497603548.0 35750839356.0 12946719168.0 7747981272.0 6807278808.0 4091452704.0 22193944992.0 35046443160.0 30560769792.0 19895329476.0 34376720292.0 13753250928.0 4702381668.0 35032498452.0 13193201304.0 18893948688.0 35562020472.0 3102509088.0 26053237152.0 20086032780.0 11770087320.0 3298488768.0 34528604544.0 27377984412.0 4405020192.0 29132379432.0 21191056668.0 26402608620.0 36107371620.0 13662045000.0 12337674624.0 11355891804.0 7125368904.0 24506128332.0 29030997636.0 8934412104.0 37494304740.0 26811150876.0 25933388040.0 19668822192.0 12802372596.0 10911168684.0 12833653968.0 16689931056.0 11783278260.0 26601603372.0 3596604012.0 20594072412.0 29709011952.0 24680248740.0 17127870264.0 9669712788.0 33997951872.0 15174857376.0 656531928.0 30316548960.0 37233124128.0 11542826268.0 34735513860.0 30866799600.0 292838868.0 1134797724.0 27182381616.0 16451740368.0 20797589772.0 22626230940.0 20921584608.0 32040416376.0 34069559832.0 2444469624.0 14808526128.0 25043564916.0 18012417012.0 8101121580.0 
5051395104.0 7985968680.0 22923874596.0 32362502472.0 1108910784.0 9303496788.0 16518382404.0 33393747708.0 18628586688.0 18041741628.0 27770135136.0 29044477020.0 20527735716.0 3562515204.0 29292797808.0 5055574416.0 32814912996.0 -2471474113284.0 33612813312.0 9551469300.0 32210305860.0 11806208124.0 2854121820.0 26667145044.0 32599330152.0 7434996048.0 17025472260.0 61993128.0 10357031688.0 25333944516.0 522762276.0 16894172208.0 2095228416.0 21451015392.0 11347528632.0 20668787496.0 28567687176.0 17897903640.0 29276777112.0 7120502820.0 1124931480.0 15729537264.0 15657792408.0 3136921932.0 9254041596.0 3489028968.0 17928551928.0 13364046672.0 3742922172.0 25197420324.0 21920491440.0 13241105244.0 4799939832.0 29745208332.0 25109306496.0 26644507104.0 27810535152.0 31982881632.0 34206972168.0 470520876.0 31072836444.0 30788991504.0 14043184872.0 34236227352.0 10609880064.0 21515794728.0 7852578972.0 33037113084.0 11963977152.0 7159858008.0 6290561112.0 3780884256.0 20509277088.0 32386185240.0 28241004288.0 18385141764.0 31767298788.0 12709287792.0 4345439652.0 32373299028.0 12191749656.0 17459772432.0 32862626808.0 2867008032.0 24075623328.0 18561369420.0 10876659480.0 3048111552.0 31907654016.0 25299813468.0 4070649888.0 26921038248.0 19582514652.0 24398475180.0 33366582180.0 12625005000.0 11401163136.0 10493904156.0 6584506056.0 22645950348.0 26827352004.0 8256230856.0 34648237860.0 24776006364.0 23964871560.0 18175827888.0 11830587444.0 10082938476.0 11859494352.0 15423054384.0 10888849140.0 24582364908.0 3323597868.0 19030845468.0 27453900528.0 22806853860.0 15827751096.0 8935717332.0 31417281408.0 14022984864.0 606696792.0 28015321440.0 34406882592.0 10666649052.0 32098857540.0 28523804400.0 270610452.0 1048659036.0 25119058224.0 15202943952.0 19218914508.0 20908749660.0 19333497312.0 29608335864.0 31483453848.0 2258918136.0 13684460592.0 23142591924.0 16645154868.0 7486192620.0 
5599240192.0 8852080640.0 25410065408.0 35872352256.0 1229176832.0 10312500224.0 18309870592.0 37015440384.0 20648935424.0 19998444544.0 30781923328.0 32194472960.0 22754055168.0 3948884992.0 32469725184.0 5603872768.0 36373828608.0 33612813312.0 -2735870445568.0 10587366400.0 35703649280.0 13086641152.0 3163663360.0 29559309312.0 36134864896.0 8241352704.0 18871956480.0 68716544.0 11480295424.0 28081517568.0 579458048.0 18726416384.0 2322464768.0 23777468416.0 12578215936.0 22910404608.0 31665973248.0 19839006720.0 32451966976.0 7892751360.0 1246935040.0 17435471872.0 17355945984.0 3477134336.0 10257681408.0 3867428864.0 19872978944.0 14813433856.0 4148857856.0 27930186752.0 24297861120.0 14677158912.0 5320513536.0 32971201536.0 27832516608.0 29534216192.0 30826704896.0 35451559936.0 37916862464.0 521550848.0 34442816512.0 34128187392.0 15566227456.0 37949290496.0 11760566272.0 23849273344.0 8704224256.0 36620127232.0 13261520896.0 7936374784.0 6972798976.0 4190937088.0 22733594624.0 35898603520.0 31303860224.0 20379087872.0 35212596224.0 14087663616.0 4816720896.0 35884319744.0 13513996288.0 19353358336.0 36426717184.0 3177947136.0 26686726144.0 20574428160.0 12056279040.0 3378692096.0 35368173568.0 28043684864.0 4512129024.0 29840738304.0 21706320896.0 27044592640.0 36985328640.0 13994240000.0 12637667328.0 11632012288.0 7298623488.0 25101999104.0 29736891392.0 9151653888.0 38405985280.0 27463068672.0 26563962880.0 20147073024.0 13113664512.0 11176475648.0 13145706496.0 17095749632.0 12069790720.0 27248425984.0 3684056064.0 21094820864.0 30431391744.0 25280353280.0 17544337408.0 9904833536.0 34824617984.0 15543836672.0 672495616.0 31053701120.0 38138454016.0 11823492096.0 35580113920.0 31617331200.0 299959296.0 1162390528.0 27843325952.0 16851767296.0 21303286784.0 23176391680.0 21430296576.0 32819484672.0 34897967104.0 2503907328.0 15168598016.0 25652503552.0 18450392064.0 8298101760.0 
1591088800.0 2515421000.0 7220563700.0 10193543400.0 349284800.0 2930416100.0 5202961300.0 10518365100.0 5867633600.0 5682789100.0 8747039200.0 9148431500.0 6465827700.0 1122121300.0 9226647600.0 1592405200.0 10336043700.0 9551469300.0 10587366400.0 -785008044100.0 10145604500.0 3718720300.0 898991500.0 8399619300.0 10268139400.0 2341875600.0 5362684500.0 19526600.0 3262258600.0 7979687700.0 164659700.0 5321327600.0 659955200.0 6756642400.0 3574245400.0 6510256200.0 8998252200.0 5637483000.0 9221601400.0 2242816500.0 354331000.0 4954490800.0 4931892600.0 988067900.0 2914838700.0 1098974600.0 5647136600.0 4209408400.0 1178945900.0 7936685300.0 6904518000.0 4170684300.0 1511885400.0 9369147900.0 7908931200.0 8392488800.0 8759764400.0 10073970400.0 10774514600.0 148204700.0 9787324300.0 9697918800.0 4423323400.0 10783729400.0 3341900800.0 6777046600.0 2473405900.0 10406032300.0 3768414400.0 2255212600.0 1981401400.0 1190903200.0 6460013600.0 10201003000.0 8895353600.0 5790953300.0 10006066100.0 4003172400.0 1368726900.0 10196944100.0 3840158200.0 5499480400.0 10351072600.0 903050400.0 7583341600.0 5846461500.0 3425931000.0 960094400.0 10050275200.0 7968937100.0 1282173600.0 8479590600.0 6168101900.0 7685033500.0 10509808500.0 3976625000.0 3591139200.0 3305370700.0 2073988200.0 7133023100.0 8450081300.0 2600548200.0 10913504500.0 7803948300.0 7548457000.0 5725023600.0 3726399300.0 3175924700.0 3735504400.0 4857954800.0 3429770500.0 7742955100.0 1046867100.0 5994337100.0 8647431600.0 7183704500.0 4985426200.0 2814572900.0 9895817600.0 4416960800.0 191097400.0 8824268000.0 10837482400.0 3359781900.0 10110500500.0 8984430000.0 85236900.0 330306700.0 7912002800.0 4788624400.0 6053575100.0 6585839500.0 6089666400.0 9326035800.0 9916660600.0 711514200.0 4310332400.0 7289455300.0 5242892100.0 2358001500.0 
5365609760.0 8482724200.0 24349820740.0 34375564680.0 1177888960.0 9882207220.0 17545884260.0 35470957020.0 19787350720.0 19164001820.0 29497535840.0 30851146300.0 21804633540.0 3784116260.0 31114913520.0 5370049040.0 34856116740.0 32210305860.0 35703649280.0 10145604500.0 -2623204956420.0 12540596060.0 3031658300.0 28325935860.0 34627123880.0 7897479120.0 18084516900.0 65849320.0 11001275720.0 26909805540.0 555279940.0 17945049520.0 2225559040.0 22785344480.0 12053385080.0 21954459240.0 30344698440.0 19011216600.0 31097896280.0 7563423300.0 1194906200.0 16707970160.0 16631762520.0 3332049580.0 9829675740.0 3706058920.0 19043771320.0 14195337680.0 3975745180.0 26764789060.0 23284023600.0 14064748860.0 5098513080.0 31595465580.0 26671194240.0 28301889760.0 29540448880.0 33972330080.0 36334766920.0 499788940.0 33005676860.0 32704175760.0 14916720680.0 36365841880.0 11269852160.0 22854153320.0 8341037180.0 35092138460.0 12708178880.0 7605226520.0 6681856280.0 4016068640.0 21785026720.0 34400720600.0 29997694720.0 19528762660.0 33743337220.0 13499850480.0 4615741380.0 34387032820.0 12950119640.0 18545832080.0 34906798520.0 3045346080.0 25573212320.0 19715952300.0 11553226200.0 3237714880.0 33892423040.0 26873551420.0 4323858720.0 28595622120.0 20800616380.0 25916146700.0 35442101700.0 13410325000.0 12110355840.0 11146662140.0 6994085640.0 24054608620.0 28496108260.0 8769797640.0 36803480900.0 26317161660.0 25455571400.0 19306428720.0 12566491860.0 10710132940.0 12597196880.0 16382422960.0 11566174100.0 26111475020.0 3530337420.0 20214631420.0 29161630320.0 24225520900.0 16812293240.0 9491550580.0 33371547520.0 14895264160.0 644435480.0 29757973600.0 36547112480.0 11330152380.0 34095520100.0 30298086000.0 287443380.0 1113889340.0 26681552560.0 16148620880.0 20414399020.0 22209347900.0 20536109280.0 31450079160.0 33441836120.0 2399430840.0 14535682480.0 24582143060.0 17680542420.0 7951860300.0 
