-162807334840.0 350086400.0 152563968.0 82961264.0 2215332920.0 1273646568.0 1823489504.0 2052819128.0 586832328.0 496892368.0 1448920088.0 452463640.0 1321161584.0 1314528368.0 1508457808.0 120595552.0 26509832.0 769568216.0 332858464.0 658507912.0 2181890456.0 204892672.0 653579064.0 6356832.0 569304976.0 177922200.0 907944472.0 1014997208.0 173315800.0 342624032.0 1577553808.0 2204692136.0 488278400.0 1550698496.0 2147043040.0 442490784.0 1349007272.0 1001915032.0 1271458528.0 1125827192.0 213506640.0 707520008.0 659198872.0 1447353912.0 1940492064.0 2052934288.0 372450472.0 799118272.0 1100376832.0 158252872.0 603023824.0 545213504.0 2229797016.0 1761533424.0 1797209992.0 1437058608.0 288130320.0 523586456.0 367751944.0 2027529992.0 1658557352.0 1216757528.0 330532232.0 638262784.0 581673160.0 2185874992.0 86968832.0 1469119152.0 1033952544.0 1710379352.0 2010071736.0 1829224472.0 1789954912.0 2169384080.0 1370910704.0 1555535216.0 1841638720.0 1462992640.0 214727336.0 755725984.0 2075943256.0 368028328.0 1587342408.0 1915870856.0 246810912.0 350570072.0 148924912.0 1235459512.0 1170025600.0 1510945264.0 1194255264.0 1634465880.0 1946964056.0 1667148288.0 788846000.0 11262648.0 615875680.0 435604216.0 824545600.0 635637136.0 2224154176.0 679927672.0 2209344600.0 601273392.0 269543496.0 1446363536.0 1285001344.0 427842432.0 1585960488.0 912366616.0 865312240.0 1402510608.0 114561168.0 695796720.0 1199184112.0 516400472.0 1453319200.0 1855135472.0 468632104.0 1880378544.0 2036005768.0 1757134312.0 1426809368.0 2073593992.0 1011427248.0 1822683384.0 1681359032.0 1764942160.0 897649168.0 1017300408.0 1163945152.0 1094296384.0 437193424.0 1646511616.0 1009354368.0 625180608.0 84942016.0 1211897776.0 1652062328.0 2276782296.0 2131081864.0 1609015520.0 445600104.0 2288459520.0 157446752.0 1293338928.0 557420464.0 587200840.0 28905160.0 1235989248.0 
350086400.0 -429205622400.0 402739200.0 219001600.0 5848048000.0 3362179200.0 4813657600.0 5419043200.0 1549123200.0 1311699200.0 3824867200.0 1194416000.0 3487609600.0 3470099200.0 3982035200.0 318348800.0 69980800.0 2031510400.0 878681600.0 1738332800.0 5759766400.0 540876800.0 1725321600.0 16780800.0 1502854400.0 469680000.0 2396796800.0 2679395200.0 457520000.0 904460800.0 4164435200.0 5819958400.0 1288960000.0 4093542400.0 5667776000.0 1168089600.0 3561116800.0 2644860800.0 3356403200.0 2971964800.0 563616000.0 1867715200.0 1740156800.0 3820732800.0 5122521600.0 5419347200.0 983196800.0 2109516800.0 2904780800.0 417756800.0 1591865600.0 1439257600.0 5886230400.0 4650105600.0 4744284800.0 3793555200.0 760608000.0 1382166400.0 970793600.0 5352284800.0 4378268800.0 3212003200.0 872540800.0 1684889600.0 1535504000.0 5770284800.0 229580800.0 3878188800.0 2729433600.0 4515068800.0 5306198400.0 4828796800.0 4725132800.0 5726752000.0 3618937600.0 4106310400.0 4861568000.0 3862016000.0 566838400.0 1994969600.0 5480086400.0 971523200.0 4190275200.0 5057526400.0 651532800.0 925436800.0 393132800.0 3261372800.0 3088640000.0 3988601600.0 3152601600.0 4314672000.0 5139606400.0 4400947200.0 2082400000.0 29731200.0 1625792000.0 1149910400.0 2176640000.0 1677958400.0 5871334400.0 1794876800.0 5832240000.0 1587244800.0 711542400.0 3818118400.0 3392153600.0 1129420800.0 4186627200.0 2408470400.0 2284256000.0 3702355200.0 302419200.0 1836768000.0 3165612800.0 1363196800.0 3836480000.0 4897196800.0 1237097600.0 4963833600.0 5374659200.0 4638492800.0 3766499200.0 5473884800.0 2669971200.0 4811529600.0 4438460800.0 4659104000.0 2369619200.0 2685475200.0 3072588800.0 2888729600.0 1154105600.0 4346470400.0 2664499200.0 1650355200.0 224230400.0 3199174400.0 4361123200.0 6010262400.0 5625641600.0 4247488000.0 1176297600.0 6041088000.0 415628800.0 3414163200.0 1471481600.0 1550096000.0 76304000.0 3262771200.0 
152563968.0 402739200.0 -187270521984.0 95438592.0 2548517760.0 1465202304.0 2097741312.0 2361561984.0 675091584.0 571624704.0 1666836864.0 520513920.0 1519863552.0 1512232704.0 1735329024.0 138733056.0 30496896.0 885310848.0 382920192.0 757547136.0 2510045568.0 235708416.0 751876992.0 7312896.0 654928128.0 204681600.0 1044498816.0 1167652224.0 199382400.0 394154496.0 1814817024.0 2536276608.0 561715200.0 1783922688.0 2469957120.0 509041152.0 1551897216.0 1152602496.0 1462685184.0 1295150976.0 245617920.0 813930624.0 758342016.0 1665035136.0 2232340992.0 2361694464.0 428466816.0 919305216.0 1265872896.0 182054016.0 693718272.0 627213312.0 2565157248.0 2026467072.0 2067509376.0 1653191424.0 331464960.0 602333568.0 423061632.0 2332469376.0 1908003456.0 1399757184.0 380244096.0 734257152.0 669156480.0 2514629376.0 100048896.0 1690073856.0 1189458432.0 1967619456.0 2312385408.0 2104338816.0 2059163136.0 2495658240.0 1577094912.0 1789486848.0 2118620160.0 1683025920.0 247022208.0 869386752.0 2388163968.0 423379584.0 1826077824.0 2204016768.0 283931136.0 403295616.0 171323136.0 1421271936.0 1345996800.0 1738190592.0 1373870592.0 1880288640.0 2239786368.0 1917886464.0 907488000.0 12956544.0 708503040.0 501118848.0 948556800.0 731236608.0 2558665728.0 782188416.0 2541628800.0 691704576.0 310082688.0 1663895808.0 1478264832.0 492189696.0 1824488064.0 1049586048.0 995454720.0 1613447424.0 131791104.0 800444160.0 1379540736.0 594066816.0 1671897600.0 2134146816.0 539114112.0 2163186432.0 2342219904.0 2021406336.0 1641400704.0 2385461376.0 1163545344.0 2096813952.0 1934234496.0 2030388480.0 1032655104.0 1170301824.0 1339001856.0 1258877952.0 502947072.0 1894146048.0 1161160704.0 719207424.0 97717248.0 1394166528.0 1900531584.0 2619209088.0 2451595392.0 1851010560.0 512618112.0 2632642560.0 181126656.0 1487856384.0 641256192.0 675515520.0 33252480.0 1421881344.0 
82961264.0 219001600.0 95438592.0 -101877541608.0 1385833480.0 796747992.0 1140710176.0 1284170632.0 367101432.0 310838192.0 906392872.0 283045160.0 826471696.0 822322192.0 943637552.0 75440288.0 16583608.0 481414504.0 208224416.0 411939128.0 1364913064.0 128173568.0 408855816.0 3976608.0 356136944.0 111301800.0 567977768.0 634946152.0 108420200.0 214333408.0 986861552.0 1379176984.0 305449600.0 970061824.0 1343113760.0 276806496.0 843890968.0 626762408.0 795379232.0 704277448.0 133562160.0 442599352.0 412371368.0 905413128.0 1213902816.0 1284242672.0 232991768.0 499899968.0 688356608.0 98997368.0 377230256.0 341066176.0 1394881704.0 1101952656.0 1124270648.0 898972752.0 180244080.0 327537064.0 230052536.0 1268350648.0 1037534488.0 761160232.0 206769208.0 399274496.0 363874040.0 1367405648.0 54404608.0 919028688.0 646803936.0 1069952488.0 1257429384.0 1144297768.0 1119732128.0 1357089520.0 857592976.0 973087504.0 1152063680.0 915196160.0 134325784.0 472755296.0 1298636264.0 230225432.0 992984952.0 1198500664.0 154396128.0 219304168.0 93162128.0 772859528.0 731926400.0 945193616.0 747083616.0 1022463720.0 1217951464.0 1042908672.0 493474000.0 7045512.0 385269920.0 272498504.0 515806400.0 397631984.0 1391351744.0 425338568.0 1382087400.0 376135248.0 168616824.0 904793584.0 803851136.0 267643008.0 992120472.0 570744104.0 541308560.0 877360752.0 71665392.0 435265680.0 750166928.0 323041768.0 909144800.0 1160506768.0 293159576.0 1176297936.0 1273652792.0 1099200728.0 892561192.0 1297166648.0 632712912.0 1140205896.0 1051798408.0 1104085040.0 561537392.0 636386952.0 728122688.0 684552896.0 273492656.0 1029999104.0 631416192.0 391090752.0 53136704.0 758120144.0 1033471432.0 1424274024.0 1333129016.0 1006542880.0 278751576.0 1431578880.0 98493088.0 809066832.0 348702416.0 367331960.0 18082040.0 773190912.0 
2215332920.0 5848048000.0 2548517760.0 1385833480.0 -2684838067320.0 21275737260.0 30460635280.0 34291491460.0 9802790460.0 8300380760.0 24203608660.0 7558217300.0 22069455880.0 21958650760.0 25198161560.0 2014498640.0 442835740.0 12855317620.0 5560262480.0 11000101340.0 36447574420.0 3422647040.0 10917766980.0 106188240.0 9510003320.0 2972116500.0 15166835540.0 16955107060.0 2895168500.0 5723392240.0 26352381560.0 36828467020.0 8156488000.0 25903774720.0 35865462800.0 7391624880.0 22534606540.0 16736574740.0 21239186960.0 18806475940.0 3566539800.0 11818828060.0 11011643540.0 24177446340.0 32415114480.0 34293415160.0 6221630540.0 13348939040.0 18381338240.0 2643548540.0 10073262680.0 9107565280.0 37247833620.0 29425684680.0 30021646940.0 24005467560.0 4813097400.0 8746294420.0 6143143580.0 33869046940.0 27705512140.0 20325429460.0 5521403740.0 10661914880.0 9716608700.0 36514134440.0 1452778240.0 24541025640.0 17271748080.0 28571177140.0 33577414020.0 30556435540.0 29900453840.0 36238660600.0 22900494280.0 25984570120.0 30763810400.0 24438684800.0 3586931020.0 12624088880.0 34677770420.0 6147760460.0 26515896060.0 32003827420.0 4122873840.0 5856127540.0 2487728840.0 20637838340.0 19544792000.0 25239713480.0 19949538480.0 27303074100.0 32523226420.0 27849020160.0 13177345000.0 188137860.0 10287947600.0 7276587620.0 13773692000.0 10618054520.0 37153572320.0 11357909540.0 36906184500.0 10044022440.0 4502612220.0 24160902520.0 21465414080.0 7146930240.0 26492811660.0 15240705620.0 14454681800.0 23428357560.0 1913696760.0 11622995400.0 20031872840.0 8626255540.0 24277094000.0 30989268040.0 7828304780.0 31410943080.0 34010631260.0 29352199340.0 23834258260.0 34638526940.0 16895472360.0 30447169380.0 28086404740.0 29482626200.0 14994856760.0 16993581060.0 19443220640.0 18279766880.0 7303134680.0 27504293120.0 16860845760.0 10443382560.0 1418921120.0 20244249320.0 27597015460.0 38032703220.0 35598837980.0 26877936400.0 7443564780.0 38227766400.0 2630082640.0 21604689960.0 9311477480.0 9808946300.0 482848700.0 20646687360.0 
1273646568.0 3362179200.0 1465202304.0 796747992.0 21275737260.0 -1552619847984.0 17512529712.0 19714978284.0 5635852884.0 4772082504.0 13915219164.0 4345395420.0 12688244952.0 12624540504.0 14487010824.0 1158182256.0 254596596.0 7390821948.0 3196724592.0 6324214836.0 20954560668.0 1967759616.0 6276878892.0 61050096.0 5467522728.0 1708739100.0 8719767516.0 9747886524.0 1664499900.0 3290511696.0 15150598824.0 21173544708.0 4689355200.0 14892684288.0 20619891120.0 4249617552.0 12955670916.0 9622247196.0 12210903984.0 10812281676.0 2050486920.0 6794919924.0 6330850716.0 13900177836.0 18636205392.0 19716084264.0 3576960516.0 7674616416.0 10567860096.0 1519837716.0 5791353672.0 5236151712.0 21414648348.0 16917512472.0 17260145076.0 13801303224.0 2767161960.0 5028448668.0 3531836532.0 19472105076.0 15928545156.0 11685563484.0 3174383796.0 6129783552.0 5586304980.0 20992827576.0 835236096.0 14109208056.0 9929930832.0 16426236156.0 19304438508.0 17567607516.0 17190468336.0 20834451240.0 13166028312.0 14939135448.0 17686832160.0 14050369920.0 2062210308.0 7257883152.0 19937059068.0 3534490884.0 15244607124.0 18399746868.0 2370336336.0 3366824316.0 1430253336.0 11865174636.0 11236756800.0 14510899992.0 11469454992.0 15697174140.0 18698361468.0 16011051264.0 7575963000.0 108164844.0 5914781040.0 4183479948.0 7918816800.0 6104567208.0 21360455328.0 6529927116.0 21218226300.0 5774542776.0 2588656788.0 13890666408.0 12340967232.0 4108936896.0 15231335364.0 8762237148.0 8310333720.0 13469509224.0 1100228904.0 6682331160.0 11516790936.0 4959435516.0 13957467600.0 17816453016.0 4500675012.0 18058883832.0 19553505204.0 16875264036.0 13702871004.0 19914497076.0 9713601144.0 17504787852.0 16147529196.0 16950249480.0 8620892904.0 9770006124.0 11178361056.0 10509464352.0 4198742472.0 15812859648.0 9693693504.0 6004144224.0 815770848.0 11638891128.0 15866167884.0 21865888188.0 20466602292.0 15452752560.0 4279479012.0 21978034560.0 1512095856.0 12421040184.0 5353385592.0 5639392020.0 277600980.0 11870262144.0 
1823489504.0 4813657600.0 2097741312.0 1140710176.0 30460635280.0 17512529712.0 -2215337383728.0 28226084752.0 8068893552.0 6832226912.0 19922525392.0 6221335760.0 18165857056.0 18074650912.0 20741163872.0 1658178368.0 364507888.0 10581496144.0 4576774976.0 9054426608.0 30000804304.0 2817256448.0 8986655376.0 87405888.0 7827893984.0 2446414800.0 12484157648.0 13956123472.0 2383077200.0 4711050688.0 21691227872.0 30314325424.0 6713785600.0 21321969664.0 29521655360.0 6084209856.0 18548732848.0 13776244688.0 17482444352.0 15480026128.0 2935697760.0 9728338672.0 9063927248.0 19900990608.0 26681597376.0 28227668192.0 5121161648.0 10987806848.0 15130085888.0 2175963248.0 8291525216.0 7496638336.0 30659515344.0 24220931616.0 24711481328.0 19759431072.0 3961766880.0 7199268304.0 5056557296.0 27878361328.0 22805019568.0 16730310352.0 4544789488.0 8776057856.0 7997955440.0 30055591328.0 1195813888.0 20200260768.0 14216757696.0 23517567568.0 27638311824.0 25151677648.0 24611724608.0 29828842720.0 18849903136.0 21388474144.0 25322372480.0 20116021760.0 2952482224.0 10391166656.0 28544039504.0 5060357552.0 21825820272.0 26343057904.0 3393628608.0 4820308048.0 2047704608.0 16987461008.0 16087750400.0 20775366176.0 16420906176.0 22473763920.0 26770586704.0 22923144192.0 10846564000.0 154860432.0 8468237120.0 5989520144.0 11337430400.0 8739955424.0 30581926784.0 9348946448.0 30378296400.0 8267456928.0 3706199664.0 19887373024.0 17668656896.0 5882796288.0 21806818992.0 12544961744.0 11897968160.0 19284399072.0 1575206112.0 9567144480.0 16488677408.0 7100461648.0 19983012800.0 25507951648.0 6443650736.0 25855041696.0 27994902512.0 24160444208.0 19618504912.0 28511737328.0 13907036832.0 25061738256.0 23118540688.0 24267801440.0 12342598112.0 13987792272.0 16004144768.0 15046480256.0 6011371616.0 22639391744.0 13878534912.0 8596179072.0 1167945344.0 16663489184.0 22715713552.0 31305558864.0 29302190576.0 22123823680.0 6126962736.0 31466119680.0 2164879168.0 17783297952.0 7664482976.0 8073960560.0 397443440.0 16994744832.0 
2052819128.0 5419043200.0 2361561984.0 1284170632.0 34291491460.0 19714978284.0 28226084752.0 -2490397596984.0 9083671164.0 7691476184.0 22428065044.0 7003756820.0 20450470792.0 20347794184.0 23349658904.0 1866717776.0 410349916.0 11912269108.0 5152369232.0 10193148956.0 33773830228.0 3171566336.0 10116854532.0 98398416.0 8812362488.0 2754086100.0 14054217236.0 15711303604.0 2682782900.0 5303532016.0 24419206904.0 34126781068.0 7558139200.0 24003509248.0 33234421520.0 6849385392.0 20881498636.0 15508802516.0 19681109264.0 17426858596.0 3304903320.0 10951815004.0 10203844436.0 22403821956.0 30037186032.0 31777697144.0 5765220236.0 12369679136.0 17032908416.0 2449621436.0 9334301912.0 8439446752.0 34515383508.0 27267056712.0 27819299996.0 22244459304.0 4460015160.0 8104678228.0 5692490972.0 31384459996.0 25673073676.0 18834383764.0 5116361116.0 9879771392.0 9003811580.0 33835507496.0 1346204416.0 22740729576.0 16004716272.0 26475234676.0 31114220868.0 28314857236.0 27706997456.0 33580242040.0 21220545352.0 24078377608.0 28507019360.0 22645896320.0 3323798668.0 11698002992.0 32133856628.0 5696769164.0 24570726204.0 29656070428.0 3820425456.0 5426530036.0 2305232456.0 19123874756.0 18111012800.0 23388162632.0 18486067632.0 25300157940.0 30137367028.0 25806054144.0 12210673000.0 174336324.0 9533237840.0 6742787108.0 12763272800.0 9839128568.0 34428037088.0 10524708836.0 34198797300.0 9307206696.0 4172306748.0 22388491768.0 19890740672.0 6622641216.0 24549335244.0 14122668308.0 13394306120.0 21709685304.0 1773310584.0 10770348360.0 18562362056.0 7993445236.0 22496159600.0 28715937736.0 7254031052.0 29106679272.0 31515657884.0 27198962156.0 22085809684.0 32097491996.0 15656043624.0 28213606692.0 26026024516.0 27319821080.0 13894854584.0 15746955204.0 18016892576.0 16938788192.0 6767386712.0 25486615808.0 15623957184.0 9677270304.0 1314831008.0 18759158888.0 25572536164.0 35242676148.0 32987355932.0 24906207760.0 6897515052.0 35423429760.0 2437143376.0 20019799464.0 8628400232.0 9089375420.0 447427580.0 19132074624.0 
586832328.0 1549123200.0 675091584.0 367101432.0 9802790460.0 5635852884.0 8068893552.0 9083671164.0 -718408329984.0 2198735784.0 6411433644.0 2002139820.0 5846105592.0 5816753784.0 6674886504.0 533632176.0 117305316.0 3405319308.0 1472890032.0 2913880356.0 9654808428.0 906644736.0 2892070332.0 28128816.0 2519159688.0 787301100.0 4017630636.0 4491336204.0 766917900.0 1516102416.0 6980634504.0 9755705268.0 2160619200.0 6861800448.0 9500609520.0 1958010192.0 5969322036.0 4433447916.0 5626170864.0 4981755996.0 944761320.0 3130757604.0 2916937836.0 6404503356.0 8586626832.0 9084180744.0 1648083636.0 3536077536.0 4869138816.0 700264836.0 2668364712.0 2412555552.0 9866793708.0 7794739512.0 7952607396.0 6358946904.0 1274969160.0 2316856428.0 1627292772.0 8971767396.0 7339073076.0 5384120364.0 1462596516.0 2824296192.0 2573888580.0 9672439896.0 384834816.0 6500813976.0 4575213072.0 7568384076.0 8894515068.0 8094270636.0 7920503856.0 9599468040.0 6066244152.0 6883202808.0 8149203360.0 6473704320.0 950162868.0 3344067792.0 9185994828.0 1628515764.0 7023948804.0 8477678628.0 1092131856.0 1551263436.0 658988856.0 5466876156.0 5177332800.0 6685893432.0 5284548432.0 7232468940.0 8615265228.0 7377087744.0 3490623000.0 49836924.0 2725233840.0 1927537308.0 3648592800.0 2812677768.0 9841824288.0 3008662236.0 9776292300.0 2660619096.0 1192722948.0 6400120968.0 5686097472.0 1893191616.0 7017833844.0 4037198508.0 3828984120.0 6206072904.0 506930184.0 3078882360.0 5306358456.0 2285058636.0 6430899600.0 8208926136.0 2073684852.0 8320626072.0 9009272484.0 7775273556.0 6313594284.0 9175599396.0 4475539224.0 8065326492.0 7439969916.0 7809823080.0 3972074184.0 4501527804.0 5150426976.0 4842232992.0 1934569512.0 7285771008.0 4466366784.0 2766407904.0 375866208.0 5362616088.0 7310332764.0 10074702348.0 9429981732.0 7119851760.0 1971768852.0 10126373760.0 696697776.0 5722991064.0 2466571032.0 2598348420.0 127904580.0 5469220224.0 
496892368.0 1311699200.0 571624704.0 310838192.0 8300380760.0 4772082504.0 6832226912.0 7691476184.0 2198735784.0 -608639560984.0 5428795064.0 1695284920.0 4950111152.0 4925257904.0 5651870224.0 451845856.0 99326696.0 2883408248.0 1247149792.0 2467288936.0 8175078968.0 767689216.0 2448821592.0 23817696.0 2133064528.0 666636600.0 3401874616.0 3802978424.0 649377400.0 1283739296.0 5910758224.0 8260512008.0 1829475200.0 5810137088.0 8044513120.0 1657918752.0 5054443016.0 3753962296.0 4763884384.0 4218234776.0 799963920.0 2650926824.0 2469877816.0 5422926936.0 7270610592.0 7691907664.0 1395492616.0 2994126016.0 4122877696.0 592939816.0 2259401872.0 2042798912.0 8354574648.0 6600090672.0 6733763176.0 5384352624.0 1079562960.0 1961766968.0 1377888232.0 7596723176.0 6214261256.0 4558931384.0 1238433896.0 2391434752.0 2179405480.0 8190008176.0 325853696.0 5504476656.0 3874000032.0 6408427256.0 7531310808.0 6853714616.0 6706579936.0 8128220240.0 5136510512.0 5828259248.0 6900228160.0 5481521920.0 804537608.0 2831544352.0 7778117368.0 1378923784.0 5947434024.0 7178360168.0 924747936.0 1313511416.0 557989936.0 4629003736.0 4383836800.0 5661190192.0 4474620192.0 6123995640.0 7294859768.0 6246449664.0 2955638000.0 42198744.0 2307555040.0 1632116248.0 3089396800.0 2381597008.0 8333432128.0 2547544216.0 8277943800.0 2252843376.0 1009922088.0 5419216208.0 4814626432.0 1603034496.0 5942256264.0 3418443448.0 3242140720.0 5254908624.0 429236304.0 2607002160.0 4493087536.0 1934842616.0 5445277600.0 6950797616.0 1755864712.0 7045378032.0 7628480104.0 6583608136.0 5345950904.0 7769315176.0 3789602544.0 6829206552.0 6299694296.0 6612862480.0 3363300304.0 3811608024.0 4361054656.0 4100095552.0 1638070672.0 6169128448.0 3781835904.0 2342418624.0 318259648.0 4540722928.0 6189925784.0 8530618488.0 7984709992.0 6028638560.0 1669568712.0 8574370560.0 589919456.0 4845865584.0 2088535792.0 2200116520.0 108301480.0 4630988544.0 
1448920088.0 3824867200.0 1666836864.0 906392872.0 24203608660.0 13915219164.0 19922525392.0 22428065044.0 6411433644.0 5428795064.0 -1764369467784.0 4943389220.0 14434344232.0 14361873064.0 16480648184.0 1317566096.0 289633036.0 8407913668.0 3636643472.0 7194524876.0 23838233188.0 2238553856.0 7140674772.0 69451536.0 6219938648.0 1943888100.0 9919742756.0 11089346884.0 1893560900.0 3743337136.0 17235556184.0 24087352828.0 5334683200.0 16942148608.0 23457507920.0 4834430832.0 14738572156.0 10946417636.0 13891313744.0 12300219316.0 2332665720.0 7730006284.0 7202073956.0 15813057876.0 21200836272.0 22429323224.0 4069205756.0 8730762656.0 12022161536.0 1728990956.0 6588333752.0 5956727392.0 24361636068.0 19245624552.0 19635408716.0 15700576584.0 3147966360.0 5720441188.0 4017872012.0 22151768716.0 18120559996.0 13293678244.0 3611228236.0 6973336832.0 6355067180.0 23881766216.0 950177536.0 16050853896.0 11296443312.0 18686740996.0 21961028628.0 19985182756.0 19556143376.0 23701594840.0 14977877992.0 16994992168.0 20120814560.0 15983918720.0 2346002428.0 8256680432.0 22680707588.0 4020891644.0 17342501484.0 20931837388.0 2696531376.0 3830151556.0 1627078376.0 13498006676.0 12783108800.0 16507824872.0 13047829872.0 17857348740.0 21271545988.0 18214420224.0 8618533000.0 123050004.0 6728746640.0 4759191668.0 9008568800.0 6944650328.0 24299985248.0 7428546356.0 24138183300.0 6569209416.0 2944896108.0 15802237528.0 14039275712.0 4674390336.0 17327403324.0 9968056868.0 9453964520.0 15323122584.0 1251637464.0 7601923560.0 13101679976.0 5641930756.0 15878231600.0 20268273256.0 5120037692.0 20544066312.0 22244370764.0 19197562076.0 15588598564.0 22655040716.0 11050343304.0 19913718132.0 18369679636.0 19282866680.0 9807261464.0 11114510484.0 12716676896.0 11955729632.0 4776554552.0 17988954368.0 11027696064.0 6830407584.0 928033568.0 13240583048.0 18049598644.0 24874973508.0 23283124172.0 17579290960.0 4868401692.0 25002552960.0 1720183696.0 14130367944.0 6090094472.0 6415459820.0 315803180.0 13503794304.0 
452463640.0 1194416000.0 520513920.0 283045160.0 7558217300.0 4345395420.0 6221335760.0 7003756820.0 2002139820.0 1695284920.0 4943389220.0 -554370741640.0 4507505960.0 4484874920.0 5146518520.0 411444880.0 90445580.0 2625593540.0 1135638160.0 2246680780.0 7444119140.0 699047680.0 2229864660.0 21688080.0 1942340440.0 607030500.0 3097702180.0 3462942020.0 591314500.0 1168956080.0 5382258520.0 7521913340.0 1665896000.0 5290634240.0 7325227600.0 1509678960.0 4602509180.0 3418308580.0 4337930320.0 3841068980.0 728436600.0 2413899020.0 2249038180.0 4938045780.0 6620522160.0 7004149720.0 1270717180.0 2726411680.0 3754238080.0 539923180.0 2057381560.0 1860145760.0 7607565540.0 6009955560.0 6131675980.0 4902920520.0 983035800.0 1786359140.0 1254686860.0 6917475980.0 5658624380.0 4151302820.0 1127701580.0 2177608960.0 1984537900.0 7457713480.0 296718080.0 5012303880.0 3527613360.0 5835429380.0 6857912340.0 6240902180.0 6106923280.0 7401450200.0 4677238760.0 5307136040.0 6283256800.0 4991401600.0 732601340.0 2578366960.0 7082651140.0 1255629820.0 5415655020.0 6536520140.0 842063280.0 1196066180.0 508098280.0 4215109780.0 3991864000.0 5155005160.0 4074530160.0 5576429700.0 6642603140.0 5687934720.0 2691365000.0 38425620.0 2101229200.0 1486183540.0 2813164000.0 2168650840.0 7588313440.0 2319760180.0 7537786500.0 2051409480.0 919621740.0 4934666840.0 4384135360.0 1459702080.0 5410940220.0 3112789540.0 2952250600.0 4785050520.0 390856920.0 2373901800.0 4091346280.0 1761842180.0 4958398000.0 6329304680.0 1598867260.0 6415428360.0 6946393420.0 5994946780.0 4867952420.0 7074635980.0 3450762120.0 6218585460.0 5736418580.0 6021585400.0 3062576920.0 3470800020.0 3971118880.0 3733492960.0 1491605560.0 5617527040.0 3443689920.0 2132975520.0 289803040.0 4134722440.0 5636464820.0 7767868740.0 7270771660.0 5489598800.0 1520287260.0 7807708800.0 537172880.0 4412581320.0 1901793160.0 2003397100.0 98617900.0 4216917120.0 
1321161584.0 3487609600.0 1519863552.0 826471696.0 22069455880.0 12688244952.0 18165857056.0 20450470792.0 5846105592.0 4950111152.0 14434344232.0 4507505960.0 -1610068968168.0 13095515152.0 15027467312.0 1201389728.0 264094648.0 7666546024.0 3315982496.0 6560147768.0 21736297384.0 2041169408.0 6511045896.0 63327648.0 5671495664.0 1772485800.0 9045069608.0 10111543912.0 1726596200.0 3413268448.0 15715811312.0 21963450904.0 4864297600.0 15448274944.0 21389142560.0 4408154976.0 13438998808.0 9981217448.0 12666447392.0 11215647688.0 2126982960.0 7048413112.0 6567031208.0 14418741768.0 19331452896.0 20451618032.0 3710403608.0 7960927808.0 10962107648.0 1576537208.0 6007407536.0 5431493056.0 22213549224.0 17548641936.0 17904056888.0 14316178512.0 2870394480.0 5216041384.0 3663596216.0 20198536888.0 16522779928.0 12121508392.0 3292808248.0 6358462976.0 5794709240.0 21775991888.0 866395648.0 14635570128.0 10300379616.0 17039037928.0 20024615304.0 18222989608.0 17831780768.0 21611707120.0 13657203856.0 15496459024.0 18346662080.0 14574536960.0 2139143704.0 7528647776.0 20680836584.0 3666349592.0 15813326712.0 19086172984.0 2458764768.0 3492428008.0 1483610768.0 12307820168.0 11655958400.0 15052247696.0 11897337696.0 16282777320.0 19395927784.0 16608364032.0 7858594000.0 112200072.0 6135439520.0 4339550024.0 8214238400.0 6332305904.0 22157334464.0 6773534408.0 22009799400.0 5989969488.0 2685229944.0 14408875504.0 12801362816.0 4262226048.0 15799559832.0 9089123624.0 8620361360.0 13972006512.0 1141274352.0 6931624080.0 11946439568.0 5144453608.0 14478168800.0 18481118608.0 4668578456.0 18732593616.0 20282973752.0 17504817368.0 14214074152.0 20657432888.0 10075979472.0 18157826376.0 16749933448.0 17582600240.0 8942506352.0 10134488712.0 11595384128.0 10901533376.0 4355381936.0 16402778624.0 10055329152.0 6228136512.0 846204224.0 12073094864.0 16458075592.0 22681623144.0 21230135096.0 16029237280.0 4439130456.0 22797953280.0 1568506528.0 12884422992.0 5553100496.0 5849776760.0 287957240.0 12313097472.0 
1314528368.0 3470099200.0 1512232704.0 822322192.0 21958650760.0 12624540504.0 18074650912.0 20347794184.0 5816753784.0 4925257904.0 14361873064.0 4484874920.0 13095515152.0 -1602050970984.0 14952018224.0 1195357856.0 262768696.0 7628054248.0 3299333792.0 6527210936.0 21627164968.0 2030921216.0 6478355592.0 63009696.0 5643020528.0 1763586600.0 8999656616.0 10060776424.0 1717927400.0 3396131296.0 15636906224.0 21853178008.0 4839875200.0 15370713088.0 21281753120.0 4386022752.0 13371525016.0 9931104296.0 12602852384.0 11159336776.0 2116303920.0 7013024824.0 6534059816.0 14346348936.0 19234394592.0 20348935664.0 3691774616.0 7920958016.0 10907069696.0 1568621816.0 5977245872.0 5404222912.0 22102020648.0 17460534672.0 17814165176.0 14244300624.0 2855982960.0 5189852968.0 3645202232.0 20097125176.0 16439823256.0 12060649384.0 3276275896.0 6326538752.0 5765615480.0 21666660176.0 862045696.0 14562088656.0 10248664032.0 16953489256.0 19924076808.0 18131496616.0 17742251936.0 21503200240.0 13588634512.0 15418655248.0 18254548160.0 14501361920.0 2128403608.0 7490848352.0 20577003368.0 3647941784.0 15733932024.0 18990346168.0 2446419936.0 3474893416.0 1476161936.0 12246025736.0 11597436800.0 14976674192.0 11837604192.0 16201025640.0 19298545768.0 16524977664.0 7819138000.0 111636744.0 6104635040.0 4317762248.0 8172996800.0 6300513008.0 22046088128.0 6739526216.0 21899293800.0 5959895376.0 2671748088.0 14336532208.0 12737090432.0 4240826496.0 15720234264.0 9043489448.0 8577080720.0 13901856624.0 1135544304.0 6896822160.0 11886459536.0 5118624616.0 14405477600.0 18388329616.0 4645138712.0 18638542032.0 20181138104.0 17416930136.0 14142708904.0 20553717176.0 10025390544.0 18066660552.0 16665836296.0 17494322480.0 8897608304.0 10083606024.0 11537166656.0 10846799552.0 4333514672.0 16320424448.0 10004843904.0 6196866624.0 841955648.0 12012478928.0 16375443784.0 22567744488.0 21123543992.0 15948758560.0 4416842712.0 22683490560.0 1560631456.0 12819733584.0 5525219792.0 5820406520.0 286511480.0 12251276544.0 
1508457808.0 3982035200.0 1735329024.0 943637552.0 25198161560.0 14487010824.0 20741163872.0 23349658904.0 6674886504.0 5651870224.0 16480648184.0 5146518520.0 15027467312.0 14952018224.0 -1836192141784.0 1371706336.0 301534376.0 8753404088.0 3786077152.0 7490155816.0 24817772408.0 2330538496.0 7434092952.0 72305376.0 6475522768.0 2023764600.0 10327355896.0 11545020344.0 1971369400.0 3897154976.0 17943784144.0 25077128648.0 5553891200.0 17638320128.0 24421402720.0 5033082912.0 15344196296.0 11396217976.0 14462123104.0 12805648856.0 2428517520.0 8047640744.0 7498015096.0 16462833816.0 22072001952.0 23350968784.0 4236413896.0 9089519296.0 12516165376.0 1800037096.0 6859055632.0 6201495872.0 25362682488.0 20036448432.0 20442249256.0 16345730544.0 3277319760.0 5955500408.0 4182970792.0 23062009256.0 18865153736.0 13839930104.0 3759617576.0 7259878912.0 6616203880.0 24863094256.0 989221376.0 16710401136.0 11760626592.0 19454599736.0 22863431448.0 20806395896.0 20359726816.0 24675519440.0 15593335472.0 17693335088.0 20947600960.0 16640715520.0 2442402248.0 8595956512.0 23612682808.0 4186114504.0 18055123944.0 21791949608.0 2807334816.0 3987536696.0 1693936816.0 14052654616.0 13308380800.0 17186149552.0 13583979552.0 18591126840.0 22145617208.0 18962870784.0 8972678000.0 128106264.0 7005238240.0 4954752088.0 9378740800.0 7230013648.0 25298498368.0 7733793496.0 25130047800.0 6839145456.0 3065905128.0 16451568848.0 14616164992.0 4866466176.0 18039405384.0 10377655288.0 9842438320.0 15952766544.0 1303068624.0 7914294960.0 13640042416.0 5873763896.0 16530685600.0 21101118896.0 5330425672.0 21388244592.0 23158416424.0 19986411016.0 16229151224.0 23585961256.0 11504414064.0 20731994712.0 19124509976.0 20075220880.0 10210252624.0 11571217944.0 13239219136.0 12447003712.0 4972828432.0 18728140288.0 11480836224.0 7111076544.0 966167488.0 13784653168.0 18791276504.0 25897113528.0 24239853352.0 18301643360.0 5068449672.0 26029935360.0 1790867936.0 14711000304.0 6340343152.0 6679078120.0 328779880.0 14058680064.0 
120595552.0 318348800.0 138733056.0 75440288.0 2014498640.0 1158182256.0 1658178368.0 1866717776.0 533632176.0 451845856.0 1317566096.0 411444880.0 1201389728.0 1195357856.0 1371706336.0 -148058728048.0 24106544.0 699801872.0 302682688.0 598809904.0 1984087952.0 186317824.0 594327888.0 5780544.0 517693792.0 161792400.0 825633424.0 922981136.0 157603600.0 311562944.0 1434538336.0 2004822512.0 444012800.0 1410117632.0 1952399680.0 402376128.0 1226711024.0 911084944.0 1156192576.0 1023763664.0 194150880.0 643378736.0 599438224.0 1316141904.0 1764573888.0 1866822496.0 338685424.0 726673024.0 1000620544.0 143906224.0 548355808.0 495786368.0 2027651472.0 1601839008.0 1634281264.0 1306779936.0 262009440.0 476119952.0 334412848.0 1843721264.0 1508198384.0 1106450576.0 300567344.0 580400128.0 528940720.0 1987711264.0 79084544.0 1335933984.0 940218048.0 1555322384.0 1827845712.0 1663393424.0 1627683904.0 1972715360.0 1246628768.0 1414515872.0 1674682240.0 1330362880.0 195260912.0 687214528.0 1887745552.0 334664176.0 1443439536.0 1742184752.0 224435904.0 318788624.0 135423904.0 1123457104.0 1063955200.0 1373968288.0 1085988288.0 1486290960.0 1770459152.0 1516010496.0 717332000.0 10241616.0 560042560.0 396113872.0 749795200.0 578012512.0 2022520192.0 618287824.0 2009053200.0 546764064.0 245107632.0 1315241312.0 1168507648.0 389055744.0 1442182896.0 829654672.0 786866080.0 1275363936.0 104175456.0 632718240.0 1090470304.0 469585424.0 1321566400.0 1686955424.0 426147568.0 1709910048.0 1851428656.0 1597838704.0 1297459856.0 1885609264.0 919734816.0 1657445328.0 1528932944.0 1604938720.0 816271456.0 925075536.0 1058425984.0 995091328.0 397559008.0 1497244672.0 917849856.0 568503936.0 77241472.0 1102031392.0 1502292176.0 2070377232.0 1937885488.0 1463147840.0 405203568.0 2080995840.0 143173184.0 1176089376.0 506886688.0 533967280.0 26284720.0 1123938816.0 
26509832.0 69980800.0 30496896.0 16583608.0 442835740.0 254596596.0 364507888.0 410349916.0 117305316.0 99326696.0 289633036.0 90445580.0 264094648.0 262768696.0 301534376.0 24106544.0 -32565712608.0 153833452.0 66537008.0 131632964.0 436150732.0 40957184.0 130647708.0 1270704.0 113801672.0 35565900.0 181494284.0 202893676.0 34645100.0 68489104.0 315346376.0 440708692.0 97604800.0 309978112.0 429184880.0 88452048.0 269660884.0 200278604.0 254159216.0 225048124.0 42679080.0 141430276.0 131771084.0 289319964.0 387896208.0 410372936.0 74451284.0 159740384.0 219960704.0 31634084.0 120541928.0 108985888.0 445727052.0 352123128.0 359254724.0 287261976.0 57596040.0 104662732.0 73512068.0 405294724.0 331538644.0 243224716.0 66072004.0 127586048.0 116274020.0 436947224.0 17384704.0 293670744.0 206682768.0 341897644.0 401804892.0 365654284.0 357804464.0 433650760.0 274039288.0 310944952.0 368135840.0 292446080.0 42923092.0 151066448.0 414972332.0 73567316.0 317303076.0 382974532.0 49336464.0 70077484.0 29769464.0 246963164.0 233883200.0 302031608.0 238726608.0 326722860.0 389189932.0 333255936.0 157687000.0 2251356.0 123110960.0 87075452.0 164823200.0 127061192.0 444599072.0 135914684.0 441638700.0 120192024.0 53880612.0 289121992.0 256866368.0 85523904.0 317026836.0 182378252.0 172972280.0 280355976.0 22900296.0 139086840.0 239711864.0 103226284.0 290512400.0 370833784.0 93677588.0 375879768.0 406988996.0 351243764.0 285213196.0 414502724.0 202180056.0 364346748.0 336096604.0 352804520.0 179436296.0 203354076.0 232667744.0 218745248.0 87393128.0 329130752.0 201765696.0 124970976.0 16979552.0 242253272.0 330240316.0 455119212.0 425994308.0 321635440.0 89073588.0 457453440.0 31472944.0 258533016.0 111426008.0 117378980.0 5778020.0 247069056.0 
769568216.0 2031510400.0 885310848.0 481414504.0 12855317620.0 7390821948.0 10581496144.0 11912269108.0 3405319308.0 2883408248.0 8407913668.0 2625593540.0 7666546024.0 7628054248.0 8753404088.0 699801872.0 153833452.0 -941055760680.0 1931538704.0 3821244332.0 12661254916.0 1188968192.0 3792642804.0 36887952.0 3303610136.0 1032461700.0 5268695492.0 5889909988.0 1005731300.0 1988207152.0 9154360088.0 12793570396.0 2833422400.0 8998521856.0 12459039440.0 2567722224.0 7828131292.0 5813995652.0 7378125008.0 6533043412.0 1238954040.0 4105655788.0 3825253892.0 8398825332.0 11260448304.0 11912937368.0 2161286492.0 4637189792.0 6385357952.0 918322892.0 3499276664.0 3163810144.0 12939251076.0 10221972264.0 10428999212.0 8339082888.0 1671986520.0 3038310916.0 2134021484.0 11765519212.0 9624414172.0 7060701508.0 1918039852.0 3703764224.0 3375381260.0 12684376712.0 504669952.0 8525126472.0 5999905584.0 9925131172.0 11664210996.0 10614775492.0 10386898832.0 12588681880.0 7955234344.0 9026588776.0 10686813920.0 8489575040.0 1246037596.0 4385389424.0 12046455716.0 2135625308.0 9211162188.0 11117574316.0 1432214832.0 2034317092.0 864193832.0 7169226932.0 6789521600.0 8767838504.0 6930123504.0 9484614180.0 11298004516.0 9674266368.0 4577581000.0 65355828.0 3573854480.0 2527760276.0 4784741600.0 3688527896.0 12906506336.0 3945540692.0 12820568100.0 3489119112.0 1564129356.0 8393078296.0 7456712384.0 2482719552.0 9203143068.0 5294356676.0 5021305640.0 8138604888.0 664785048.0 4037626920.0 6958725032.0 2996611492.0 8433441200.0 10765133992.0 2719417244.0 10911616584.0 11814703148.0 10196444732.0 8279607748.0 12032823212.0 5869193928.0 10576818324.0 9756729652.0 10241752760.0 5208953048.0 5903275188.0 6754237472.0 6350073824.0 2536982264.0 9554514176.0 5857165248.0 3627849888.0 492908576.0 7032500936.0 9586724308.0 13211901156.0 12366418604.0 9336928720.0 2585765244.0 13279662720.0 913645072.0 7505094408.0 3234645704.0 3407457740.0 167733260.0 7172300928.0 
332858464.0 878681600.0 382920192.0 208224416.0 5560262480.0 3196724592.0 4576774976.0 5152369232.0 1472890032.0 1247149792.0 3636643472.0 1135638160.0 3315982496.0 3299333792.0 3786077152.0 302682688.0 66537008.0 1931538704.0 -408127428208.0 1652788528.0 5476325264.0 514259968.0 1640417616.0 15955008.0 1428898144.0 446566800.0 2278849168.0 2547540752.0 435005200.0 859951808.0 3959501152.0 5533555184.0 1225529600.0 3892097024.0 5388861760.0 1110607296.0 3385872368.0 2514705808.0 3191232832.0 2825712848.0 535880160.0 1775803952.0 1654522768.0 3632712528.0 4870439616.0 5152658272.0 934813168.0 2005706368.0 2761835008.0 397198768.0 1513529056.0 1368430976.0 5596565904.0 4421271456.0 4510816048.0 3606872352.0 723178080.0 1314149264.0 923020336.0 5088896048.0 4162811888.0 3053938832.0 829602608.0 1601975296.0 1459941040.0 5486326048.0 218283008.0 3687341088.0 2595116736.0 4292879888.0 5045077584.0 4591169168.0 4492606528.0 5444935520.0 3440847776.0 3904236704.0 4622327680.0 3671964160.0 538943984.0 1896796096.0 5210408464.0 923714032.0 3984069552.0 4808642864.0 619470528.0 879895568.0 373786528.0 3100878928.0 2936646400.0 3792320416.0 2997460416.0 4102344720.0 4886683664.0 4184374272.0 1979924000.0 28268112.0 1545785920.0 1093322704.0 2069526400.0 1595385184.0 5582402944.0 1706549968.0 5545232400.0 1509135648.0 676527024.0 3630226784.0 3225223936.0 1073841408.0 3980601072.0 2289948304.0 2171846560.0 3520160352.0 287536992.0 1746379680.0 3009831328.0 1296113168.0 3647684800.0 4656203168.0 1176219376.0 4719560736.0 5110169392.0 4410230128.0 3581147792.0 5204512048.0 2538580512.0 4574751696.0 4220041808.0 4429827040.0 2253008992.0 2553321552.0 2921385088.0 2746573696.0 1097311456.0 4132578304.0 2533377792.0 1569140352.0 213195904.0 3041741344.0 4146510032.0 5714494224.0 5348800816.0 4038466880.0 1118411376.0 5743802880.0 395175488.0 3246150432.0 1399069216.0 1473814960.0 72549040.0 3102208512.0 
658507912.0 1738332800.0 757547136.0 411939128.0 11000101340.0 6324214836.0 9054426608.0 10193148956.0 2913880356.0 2467288936.0 7194524876.0 2246680780.0 6560147768.0 6527210936.0 7490155816.0 598809904.0 131632964.0 3821244332.0 1652788528.0 -805798679968.0 10834044812.0 1017382144.0 3245307228.0 31564464.0 2826849352.0 883461900.0 4508343244.0 5039907116.0 860589100.0 1701278864.0 7833247816.0 10947265172.0 2424516800.0 7699899392.0 10661012080.0 2197161168.0 6698413844.0 4974948364.0 6313350256.0 5590226684.0 1060154280.0 3513147716.0 3273212044.0 7186748124.0 9635395728.0 10193720776.0 1849380244.0 3967973344.0 5463854464.0 785795044.0 2994278248.0 2707224608.0 11071921932.0 8746787448.0 8923937284.0 7135627416.0 1430693640.0 2599836812.0 1826049988.0 10067577284.0 8235466004.0 6041735756.0 1641237764.0 3169255168.0 2888262820.0 10853829784.0 431838464.0 7294822104.0 5134028688.0 8492785004.0 9980889372.0 9082903244.0 8887912624.0 10771945160.0 6807174008.0 7723915832.0 9144545440.0 7264401280.0 1066215572.0 3752511568.0 10307970412.0 1827422356.0 7881852516.0 9513140612.0 1225524624.0 1740734444.0 739477624.0 6134599324.0 5809691200.0 7502507128.0 5930002128.0 8115841260.0 9667532012.0 8278123776.0 3916967000.0 55923996.0 3058093360.0 2162966332.0 4094231200.0 3156217672.0 11043902752.0 3376139644.0 10970366700.0 2985586584.0 1338401892.0 7181830472.0 6380596288.0 2124425664.0 7874990676.0 4530301132.0 4296655480.0 6964081416.0 568846536.0 3454936440.0 5954476024.0 2564155244.0 7216368400.0 9211562744.0 2326964308.0 9336905688.0 10109663236.0 8724943924.0 7084735436.0 10296305284.0 5022180696.0 9050423868.0 8348686364.0 8763713320.0 4457222536.0 5051343516.0 5779499104.0 5433662368.0 2170857448.0 8175653632.0 5011887936.0 3104296416.0 421774432.0 6017604952.0 8203215356.0 11305224492.0 10581757828.0 7989469040.0 2212600308.0 11363207040.0 781792304.0 6421996056.0 2767837528.0 2915710180.0 143526820.0 6137229696.0 
