-982690332624.0 4979759400.0 13796554464.0 13767132456.0 20858850936.0 20046194784.0 14067101664.0 13564560240.0 17011669752.0 31548170808.0 2121766416.0 4817092896.0 33085217088.0 15179727024.0 29347607520.0 29426066208.0 641873232.0 25650580032.0 2256701832.0 10586850120.0 23204833344.0 14081305392.0 19104690528.0 28559638800.0 15311618784.0 6057889992.0 24944113656.0 10881070200.0 11891563992.0 23195364192.0 2403811872.0 24674919192.0 1805902560.0 31234336056.0 15165523296.0 4904006184.0 19943725032.0 28816320456.0 33273247392.0 30747012912.0 30100405104.0 16423905960.0 32856604704.0 25815613824.0 6660872064.0 14592639600.0 28291797072.0 33752792304.0 4328755200.0 14924059920.0 7314243552.0 6725127024.0 24743570544.0 13810081824.0 5746760712.0 7474204584.0 2322309528.0 12350141496.0 2280374712.0 19221702192.0 
4979759400.0 -175263252300.0 2402884400.0 2397760100.0 3632893100.0 3491356400.0 2450004400.0 2362479000.0 2962846700.0 5494604300.0 369538600.0 838971600.0 5762304800.0 2643785400.0 5111342000.0 5125006800.0 111792200.0 4467447200.0 393039700.0 1843864500.0 4041482400.0 2452478200.0 3327378800.0 4974105000.0 2666756400.0 1055075700.0 4344405100.0 1895107500.0 2071100700.0 4039833200.0 418661200.0 4297520700.0 314526000.0 5439945100.0 2641311600.0 854108900.0 3473509700.0 5018810100.0 5795053200.0 5355070200.0 5242453400.0 2860478500.0 5722488400.0 4496190400.0 1160094400.0 2541535000.0 4927456200.0 5878573400.0 753920000.0 2599257000.0 1273889200.0 1171285400.0 4309477400.0 2405240400.0 1000887700.0 1301748900.0 404466300.0 2150969100.0 397162700.0 3347758200.0 
13796554464.0 2402884400.0 -481317082624.0 6643057456.0 10065025936.0 9672894784.0 6787801664.0 6545310240.0 8208644752.0 15222945808.0 1023816416.0 2324392896.0 15964617088.0 7324677024.0 14161107520.0 14198966208.0 309723232.0 12377180032.0 1088926832.0 5108475120.0 11197033344.0 6794655392.0 9218590528.0 13780888800.0 7388318784.0 2923114992.0 12036288656.0 5250445200.0 5738038992.0 11192464192.0 1159911872.0 11906394192.0 871402560.0 15071511056.0 7317823296.0 2366331184.0 9623450032.0 13904745456.0 16055347392.0 14836362912.0 14524355104.0 7925030960.0 15854304704.0 12456813824.0 3214072064.0 7041389600.0 13651647072.0 16286742304.0 2088755200.0 7201309920.0 3529343552.0 3245077024.0 11939520544.0 6663781824.0 2772985712.0 3606529584.0 1120584528.0 5959316496.0 1100349712.0 9275052192.0 
13767132456.0 2397760100.0 6643057456.0 -480304810828.0 10043561644.0 9652266736.0 6773326256.0 6531351960.0 8191139308.0 15190481932.0 1021633064.0 2319435984.0 15930571552.0 7309056696.0 14130908080.0 14168686032.0 309062728.0 12350784928.0 1086604628.0 5097580980.0 11173154976.0 6780165368.0 9198931312.0 13751500200.0 7372562736.0 2916881268.0 12010620524.0 5239248300.0 5725802268.0 11168595568.0 1157438288.0 11881003068.0 869544240.0 15039370124.0 7302217584.0 2361284836.0 9602927428.0 13875092724.0 16021108368.0 14804723448.0 14493381016.0 7908130340.0 15820494416.0 12430248896.0 3207217856.0 7026373400.0 13622534088.0 16252009816.0 2084300800.0 7185952680.0 3521817008.0 3238156696.0 11914058776.0 6649570896.0 2767072148.0 3598838436.0 1118194812.0 5946607884.0 1098003148.0 9255272568.0 
20858850936.0 3632893100.0 10065025936.0 10043561644.0 -722545553548.0 14624337616.0 10262398736.0 9895778760.0 12410554948.0 23015395492.0 1547896184.0 3514222704.0 24136719712.0 11074094376.0 21410014480.0 21467252592.0 468266968.0 18712915168.0 1646335868.0 7723444380.0 16928665056.0 10272760808.0 13937480272.0 20835166200.0 11170313616.0 4419423708.0 18197525444.0 7938087300.0 8675274708.0 16921757008.0 1753657328.0 18001139508.0 1317463440.0 22786443044.0 11063732304.0 3577628716.0 14549582668.0 21022423644.0 24273893808.0 22430925288.0 21959204296.0 11981762540.0 23969939696.0 18833312576.0 4859318336.0 10645795400.0 20639767128.0 24623737096.0 3157964800.0 10887577080.0 5335973648.0 4906194376.0 18051222856.0 10074894576.0 4192444988.0 5452670316.0 1694198772.0 9009821604.0 1663605988.0 14022844008.0 
20046194784.0 3491356400.0 9672894784.0 9652266736.0 14624337616.0 -694965101824.0 9862577984.0 9510241440.0 11927042512.0 22118720848.0 1487590496.0 3377309376.0 23196358528.0 10642650144.0 20575885120.0 20630893248.0 450023392.0 17983864192.0 1582194992.0 7422540720.0 16269128064.0 9872536352.0 13394479168.0 20023432800.0 10735120704.0 4247243952.0 17488553936.0 7628821200.0 8337287952.0 16262489152.0 1685335232.0 17299819152.0 1266135360.0 21898688336.0 10632691776.0 3438245104.0 13982734192.0 20203394736.0 23328188352.0 21557021472.0 21103678624.0 11514955760.0 23036076224.0 18099570944.0 4670000384.0 10231037600.0 19835646432.0 23664401824.0 3034931200.0 10463399520.0 5128085312.0 4715050144.0 17347951264.0 9682378944.0 4029108272.0 5240235504.0 1628193168.0 8658800976.0 1598792272.0 13476517152.0 
14067101664.0 2450004400.0 6787801664.0 6773326256.0 10262398736.0 9862577984.0 -490622490624.0 6673662240.0 8369614352.0 15521464208.0 1043893216.0 2369973696.0 16277679488.0 7468312224.0 14438803520.0 14477404608.0 315796832.0 12619893632.0 1110280432.0 5208651120.0 11416604544.0 6927896992.0 9399364928.0 14051128800.0 7533201984.0 2980436592.0 12272317456.0 5353405200.0 5850560592.0 11411945792.0 1182657472.0 12139875792.0 888490560.0 15367059856.0 7461324096.0 2412734384.0 9812163632.0 14177414256.0 16370188992.0 15127300512.0 14809174304.0 8080438960.0 16165203904.0 12701089024.0 3277099264.0 7179469600.0 13919352672.0 16606121504.0 2129715200.0 7342525920.0 3598553152.0 3308712224.0 12173651744.0 6794457024.0 2827363312.0 3677252784.0 1142558928.0 6076177296.0 1121927312.0 9456933792.0 
13564560240.0 2362479000.0 6545310240.0 6531351960.0 9895778760.0 9510241440.0 6673662240.0 -473333617680.0 8070613320.0 14966966280.0 1006600560.0 2285307360.0 15696166080.0 7201509840.0 13922983200.0 13960205280.0 304515120.0 12169053120.0 1070616120.0 5022574200.0 11008751040.0 6680400720.0 9063576480.0 13549158000.0 7264081440.0 2873961720.0 11833893960.0 5162157000.0 5641551720.0 11004258720.0 1140407520.0 11706183720.0 856749600.0 14818077960.0 7194771360.0 2326540440.0 9461628120.0 13670931960.0 15785370720.0 14586883920.0 14280122640.0 7791768600.0 15587708640.0 12247347840.0 3160026240.0 6922986000.0 13422089520.0 16012874640.0 2053632000.0 7080217200.0 3469996320.0 3190509840.0 11738753040.0 6551727840.0 2726356920.0 3545884440.0 1101741480.0 5859108360.0 1081846920.0 9119088720.0 
17011669752.0 2962846700.0 8208644752.0 8191139308.0 12410554948.0 11927042512.0 8369614352.0 8070613320.0 -591569115148.0 18770463844.0 1262404088.0 2866063728.0 19684972384.0 9031601832.0 17461177360.0 17507858544.0 381900376.0 15261527776.0 1342687676.0 6298941660.0 13806362592.0 8378065256.0 11366868304.0 16992353400.0 9110074512.0 3604310556.0 14841195908.0 6473996100.0 7075217556.0 13800728656.0 1430214896.0 14681031156.0 1074472080.0 18583739108.0 9023150928.0 2917775212.0 11866075276.0 17145073308.0 19796846256.0 18293792616.0 17909075272.0 9771860780.0 19548953072.0 15359719232.0 3963071552.0 8682297800.0 16832993496.0 20082164872.0 2575513600.0 8879485560.0 4351813136.0 4001301832.0 14721877192.0 8216693232.0 3419195516.0 4446986412.0 1381722804.0 7348061028.0 1356772516.0 11436487656.0 
31548170808.0 5494604300.0 15222945808.0 15190481932.0 23015395492.0 22118720848.0 15521464208.0 14966966280.0 18770463844.0 -1081026547660.0 2341130552.0 5315120112.0 36505815136.0 16749121128.0 32381783440.0 32468353776.0 708234904.0 28302529504.0 2490016604.0 11681398140.0 25603923168.0 15537136424.0 21079876816.0 31512348600.0 16894648848.0 6684200124.0 27523023332.0 12006036900.0 13121003124.0 25593475024.0 2652335984.0 27225997524.0 1992610320.0 34463576132.0 16733448912.0 5411019148.0 22005657004.0 31795567932.0 36713285424.0 33925869864.0 33212410888.0 18121932620.0 36253567088.0 28484625728.0 7349523008.0 16101336200.0 31216815384.0 37242409288.0 4776294400.0 16467021240.0 8070444944.0 7420421128.0 27301746568.0 15237871728.0 6340903964.0 8246943948.0 2562407316.0 13626991812.0 2516136964.0 21208986024.0 
2121766416.0 369538600.0 1023816416.0 1021633064.0 1547896184.0 1487590496.0 1043893216.0 1006600560.0 1262404088.0 2341130552.0 -74887919568.0 357467424.0 2455191872.0 1126459056.0 2177830880.0 2183653152.0 47632208.0 1903481408.0 167465608.0 785630280.0 1721987136.0 1044947248.0 1417723232.0 2119357200.0 1136246496.0 449544648.0 1851055864.0 807463800.0 882450648.0 1721284448.0 178382368.0 1831079448.0 134012640.0 2317841464.0 1125405024.0 363917096.0 1479986408.0 2138405064.0 2469145248.0 2281678128.0 2233694576.0 1218787240.0 2438226976.0 1915728256.0 494290816.0 1082892400.0 2099481168.0 2504731376.0 321228800.0 1107486480.0 542776288.0 499059056.0 1836173936.0 1024820256.0 426456328.0 554646696.0 172334232.0 916480824.0 169222328.0 1426406448.0 
4817092896.0 838971600.0 2324392896.0 2319435984.0 3514222704.0 3377309376.0 2369973696.0 2285307360.0 2866063728.0 5315120112.0 357467424.0 -169565589888.0 5574076032.0 2557424736.0 4944377280.0 4957595712.0 108140448.0 4321515648.0 380200848.0 1783633680.0 3909465216.0 2372366688.0 3218688192.0 4811623200.0 2579645376.0 1020611088.0 4202492784.0 1833202800.0 2003447088.0 3907869888.0 404985408.0 4157139888.0 304251840.0 5262246384.0 2555031744.0 826208976.0 3360045648.0 4854867984.0 5605754688.0 5180143968.0 5071205856.0 2767039440.0 5535560256.0 4349319936.0 1122199296.0 2458514400.0 4766498208.0 5686546656.0 729292800.0 2514350880.0 1232276928.0 1133024736.0 4168706016.0 2326671936.0 968193168.0 1259226576.0 391254192.0 2080706544.0 384189168.0 3238401888.0 
33085217088.0 5762304800.0 15964617088.0 15930571552.0 24136719712.0 23196358528.0 16277679488.0 15696166080.0 19684972384.0 36505815136.0 2455191872.0 5574076032.0 -1131916240000.0 17565148608.0 33959443840.0 34050231936.0 742740544.0 29681446144.0 2611331744.0 12250523040.0 26851362048.0 16294115264.0 22106901376.0 33047649600.0 17717766528.0 7009858464.0 28863961952.0 12590978400.0 13760266464.0 26840404864.0 2781559424.0 28552464864.0 2089691520.0 36142662752.0 17548712832.0 5674647328.0 23077786144.0 33344667552.0 38501979264.0 35578759104.0 34830539968.0 19004844320.0 38019863168.0 29872414208.0 7707596288.0 16885803200.0 32737717824.0 39056882368.0 5008998400.0 17269304640.0 8463641984.0 7781948608.0 28631904448.0 15980270208.0 6649836704.0 8648740128.0 2687249376.0 14290907232.0 2638724704.0 22242300864.0 
15179727024.0 2643785400.0 7324677024.0 7309056696.0 11074094376.0 10642650144.0 7468312224.0 7201509840.0 9031601832.0 16749121128.0 1126459056.0 2557424736.0 17565148608.0 -528837156624.0 15580828320.0 15622482528.0 340774512.0 13618053312.0 1198097112.0 5620624920.0 12319591104.0 7475853072.0 10142799648.0 15162490800.0 8129034144.0 3216171672.0 13242985896.0 5776828200.0 6313305672.0 12314563872.0 1276198752.0 13100068872.0 958764960.0 16582504296.0 8051471136.0 2603567544.0 10588248312.0 15298764696.0 17664975072.0 16323781392.0 15980493264.0 8719554360.0 17443776864.0 13705670784.0 3536298624.0 7747323600.0 15020291952.0 17919568464.0 2298163200.0 7923276720.0 3883177632.0 3570411984.0 13136516304.0 7331858784.0 3050991192.0 3968101944.0 1232928648.0 6556767336.0 1210665192.0 10204921872.0 
29347607520.0 5111342000.0 14161107520.0 14130908080.0 21410014480.0 20575885120.0 14438803520.0 13922983200.0 17461177360.0 32381783440.0 2177830880.0 4944377280.0 33959443840.0 15580828320.0 -1007880970240.0 30203605440.0 658833760.0 26328357760.0 2316331760.0 10866591600.0 23817985920.0 14453382560.0 19609503040.0 29314284000.0 15716205120.0 6217960560.0 25603224080.0 11168586000.0 12205780560.0 23808266560.0 2467328960.0 25326916560.0 1853620800.0 32059656080.0 15566249280.0 5033587120.0 20470707760.0 29577748080.0 34152442560.0 31559456160.0 30895762720.0 16857882800.0 33724790720.0 26497752320.0 6836875520.0 14978228000.0 29039364960.0 34644658720.0 4443136000.0 15318405600.0 7507511360.0 6902828320.0 25397381920.0 14174992320.0 5898610160.0 7671699120.0 2383673040.0 12676475280.0 2340630160.0 19729606560.0 
29426066208.0 5125006800.0 14198966208.0 14168686032.0 21467252592.0 20630893248.0 14477404608.0 13960205280.0 17507858544.0 32468353776.0 2183653152.0 4957595712.0 34050231936.0 15622482528.0 30203605440.0 -1010494719360.0 660595104.0 26398744704.0 2322524304.0 10895642640.0 23881661568.0 14492022624.0 19661927616.0 29392653600.0 15758221248.0 6234583824.0 25671672432.0 11198444400.0 12238411824.0 23871916224.0 2473925184.0 25394626224.0 1858576320.0 32145365232.0 15607864512.0 5047044048.0 20525434704.0 29656822032.0 34243746624.0 31643828064.0 30978360288.0 16902951120.0 33814951488.0 26568592128.0 6855153408.0 15018271200.0 29116999584.0 34737278688.0 4455014400.0 15359358240.0 7527582144.0 6921282528.0 25465279968.0 14212888128.0 5914379664.0 7692208848.0 2390045616.0 12710364912.0 2346887664.0 19782352224.0 
641873232.0 111792200.0 309723232.0 309062728.0 468266968.0 450023392.0 315796832.0 304515120.0 381900376.0 708234904.0 47632208.0 108140448.0 742740544.0 340774512.0 658833760.0 660595104.0 -22688190928.0 575838016.0 50661416.0 237667560.0 520932672.0 316115696.0 428887264.0 641144400.0 343735392.0 135995496.0 559978328.0 244272600.0 266957496.0 520720096.0 53963936.0 553935096.0 40541280.0 701189528.0 340455648.0 110091592.0 447723016.0 646906728.0 746961696.0 690249456.0 675733552.0 368705480.0 737608352.0 579542912.0 149532032.0 327594800.0 635131536.0 757727152.0 97177600.0 335034960.0 164199776.0 150974512.0 555476272.0 310026912.0 129010856.0 167790792.0 52134264.0 277252248.0 51192856.0 431514096.0 
25650580032.0 4467447200.0 12377180032.0 12350784928.0 18712915168.0 17983864192.0 12619893632.0 12169053120.0 15261527776.0 28302529504.0 1903481408.0 4321515648.0 29681446144.0 13618053312.0 26328357760.0 26398744704.0 575838016.0 -884231129728.0 2024534816.0 9497686560.0 20817545472.0 12632636096.0 17139220864.0 25621454400.0 13736376192.0 5434660896.0 22377890528.0 9761637600.0 10668172896.0 20809050496.0 2156510336.0 22136390496.0 1620113280.0 28020981728.0 13605310848.0 4399487392.0 17891936416.0 25851728928.0 29850132096.0 27583793856.0 27003708352.0 14734232480.0 29476353152.0 23159731712.0 5975608832.0 13091364800.0 25381167936.0 30280341952.0 3883417600.0 13388688960.0 6561762176.0 6033253312.0 22197979072.0 12389315712.0 5155540256.0 6705266592.0 2083392864.0 11079572448.0 2045772256.0 17244194496.0 
2256701832.0 393039700.0 1088926832.0 1086604628.0 1646335868.0 1582194992.0 1110280432.0 1070616120.0 1342687676.0 2490016604.0 167465608.0 380200848.0 2611331744.0 1198097112.0 2316331760.0 2322524304.0 50661416.0 2024534816.0 -79639826028.0 835593060.0 1831498272.0 1111401496.0 1507884464.0 2254139400.0 1208506992.0 478133796.0 1968775228.0 858815100.0 938570796.0 1830750896.0 189726736.0 1947528396.0 142535280.0 2465246428.0 1196976048.0 387060692.0 1574107316.0 2274398628.0 2626172496.0 2426783256.0 2375748152.0 1296296980.0 2593287952.0 2037560512.0 525725632.0 1151759800.0 2232999336.0 2664021752.0 341657600.0 1177917960.0 577294576.0 530797112.0 1952946872.0 1089994512.0 453577156.0 589919892.0 183293964.0 974765148.0 179984156.0 1517119896.0 
10586850120.0 1843864500.0 5108475120.0 5097580980.0 7723444380.0 7422540720.0 5208651120.0 5022574200.0 6298941660.0 11681398140.0 785630280.0 1783633680.0 12250523040.0 5620624920.0 10866591600.0 10895642640.0 237667560.0 9497686560.0 835593060.0 -370529360940.0 8592095520.0 5213910360.0 7073928240.0 10574829000.0 5669460720.0 2243065860.0 9236101980.0 4028953500.0 4403110860.0 8588589360.0 890063760.0 9136426860.0 668674800.0 11565193980.0 5615365680.0 1815815220.0 7384599060.0 10669870980.0 12320145360.0 11384751960.0 11145331320.0 6081309300.0 12165874320.0 9558793920.0 2466333120.0 5403243000.0 10475654760.0 12497707320.0 1602816000.0 5525958600.0 2708258160.0 2490124920.0 9161846520.0 5113483920.0 2127863460.0 2767487220.0 859885740.0 4572909180.0 844358460.0 7117254360.0 
23204833344.0 4041482400.0 11197033344.0 11173154976.0 16928665056.0 16269128064.0 11416604544.0 11008751040.0 13806362592.0 25603923168.0 1721987136.0 3909465216.0 26851362048.0 12319591104.0 23817985920.0 23881661568.0 520932672.0 20817545472.0 1831498272.0 8592095520.0 -801905860224.0 11428132032.0 15505020288.0 23178484800.0 12426632064.0 4916473632.0 20244190176.0 8830879200.0 9650977632.0 18824936832.0 1950890112.0 20025716832.0 1465637760.0 25349220576.0 12308063616.0 3980002464.0 16185965472.0 23386802976.0 27003964032.0 24953717952.0 24428942784.0 13329344160.0 26665824384.0 20951483904.0 5405842944.0 11843121600.0 22961109312.0 27393153984.0 3513139200.0 12112096320.0 5936107392.0 5457991104.0 20081433024.0 11208011904.0 4663966752.0 6065928864.0 1884744288.0 10023150816.0 1850710752.0 15599984832.0 
14081305392.0 2452478200.0 6794655392.0 6780165368.0 10272760808.0 9872536352.0 6927896992.0 6680400720.0 8378065256.0 15537136424.0 1044947248.0 2372366688.0 16294115264.0 7475853072.0 14453382560.0 14492022624.0 316115696.0 12632636096.0 1111401496.0 5213910360.0 11428132032.0 -491110883088.0 9408855584.0 14065316400.0 7540808352.0 2983445976.0 12284708968.0 5358810600.0 5856467976.0 11423468576.0 1183851616.0 12152133576.0 889387680.0 15382576168.0 7468857888.0 2415170552.0 9822071096.0 14191729368.0 16386718176.0 15142574736.0 14824127312.0 8088597880.0 16181526112.0 12713913472.0 3280408192.0 7186718800.0 13933407216.0 16622888912.0 2131865600.0 7349939760.0 3602186656.0 3312053072.0 12185943632.0 6801317472.0 2830218136.0 3680965752.0 1143712584.0 6082312488.0 1123060136.0 9466482576.0 
19104690528.0 3327378800.0 9218590528.0 9198931312.0 13937480272.0 13394479168.0 9399364928.0 9063576480.0 11366868304.0 21079876816.0 1417723232.0 3218688192.0 22106901376.0 10142799648.0 19609503040.0 19661927616.0 428887264.0 17139220864.0 1507884464.0 7073928240.0 15505020288.0 9408855584.0 -662953957120.0 19082997600.0 10230927168.0 4047764784.0 16667173712.0 7270520400.0 7945712784.0 15498693184.0 1606180544.0 16487303184.0 1206669120.0 20870178512.0 10133308992.0 3276761968.0 13326010864.0 19254507312.0 22232539584.0 20544558624.0 20112507808.0 10974135920.0 21954147008.0 17249493248.0 4450665728.0 9750519200.0 18904030944.0 22552962208.0 2892390400.0 9971967840.0 4887235904.0 4493599648.0 16533174688.0 9227629248.0 3839874224.0 4994118768.0 1551722256.0 8252125392.0 1523702224.0 12843569184.0 
28559638800.0 4974105000.0 13780888800.0 13751500200.0 20835166200.0 20023432800.0 14051128800.0 13549158000.0 16992353400.0 31512348600.0 2119357200.0 4811623200.0 33047649600.0 15162490800.0 29314284000.0 29392653600.0 641144400.0 25621454400.0 2254139400.0 10574829000.0 23178484800.0 14065316400.0 19082997600.0 -981606939600.0 15294232800.0 6051011400.0 24915790200.0 10868715000.0 11878061400.0 23169026400.0 2401082400.0 24646901400.0 1803852000.0 31198870200.0 15148303200.0 4898437800.0 19921079400.0 28783600200.0 33235466400.0 30712100400.0 30066226800.0 16405257000.0 32819296800.0 25786300800.0 6653308800.0 14576070000.0 28259672400.0 33714466800.0 4323840000.0 14907114000.0 7305938400.0 6717490800.0 24715474800.0 13794400800.0 5740235400.0 7465717800.0 2319672600.0 12336118200.0 2277785400.0 19199876400.0 
15311618784.0 2666756400.0 7388318784.0 7372562736.0 11170313616.0 10735120704.0 7533201984.0 7264081440.0 9110074512.0 16894648848.0 1136246496.0 2579645376.0 17717766528.0 8129034144.0 15716205120.0 15758221248.0 343735392.0 13736376192.0 1208506992.0 5669460720.0 12426632064.0 7540808352.0 10230927168.0 15294232800.0 -533361421824.0 3244115952.0 13358049936.0 5827021200.0 6368159952.0 12421561152.0 1287287232.0 13213891152.0 967095360.0 16726584336.0 8121427776.0 2626189104.0 10680246192.0 15431690736.0 17818460352.0 16465613472.0 16119342624.0 8795315760.0 17595340224.0 13824754944.0 3567024384.0 7814637600.0 15150798432.0 18075265824.0 2318131200.0 7992119520.0 3916917312.0 3601434144.0 13250655264.0 7395562944.0 3077500272.0 4002579504.0 1243641168.0 6613736976.0 1221184272.0 10293589152.0 
6057889992.0 1055075700.0 2923114992.0 2916881268.0 4419423708.0 4247243952.0 2980436592.0 2873961720.0 3604310556.0 6684200124.0 449544648.0 1020611088.0 7009858464.0 3216171672.0 6217960560.0 6234583824.0 135995496.0 5434660896.0 478133796.0 2243065860.0 4916473632.0 2983445976.0 4047764784.0 6051011400.0 3244115952.0 -212979766188.0 5284979868.0 2305403100.0 2519499276.0 4914467376.0 509302416.0 5227944876.0 382621680.0 6617707068.0 3213162288.0 1039025652.0 4225533396.0 6105395268.0 7049696976.0 6514456536.0 6377457912.0 3479779380.0 6961421712.0 5469627072.0 1411257792.0 3091783800.0 5994263016.0 7151299512.0 917145600.0 3162002760.0 1549689456.0 1424871672.0 5242490232.0 2925981072.0 1217582436.0 1583580852.0 492034284.0 2616659388.0 483149436.0 4072556376.0 
24944113656.0 4344405100.0 12036288656.0 12010620524.0 18197525444.0 17488553936.0 12272317456.0 11833893960.0 14841195908.0 27523023332.0 1851055864.0 4202492784.0 28863961952.0 13242985896.0 25603224080.0 25671672432.0 559978328.0 22377890528.0 1968775228.0 9236101980.0 20244190176.0 12284708968.0 16667173712.0 24915790200.0 13358049936.0 5284979868.0 -860494031628.0 9492783300.0 10374350868.0 20235929168.0 2097115888.0 21526711668.0 1575492240.0 27249229924.0 13230594384.0 4278317036.0 17399158028.0 25139722524.0 29028001968.0 26824083048.0 26259974216.0 14328423340.0 28664517616.0 22521868096.0 5811029056.0 12730803400.0 24682121688.0 29446363016.0 3776460800.0 13019938680.0 6381038608.0 5867085896.0 21586603976.0 12048090096.0 5013546748.0 6520590636.0 2026012212.0 10774419684.0 1989427748.0 16769256168.0 
10881070200.0 1895107500.0 5250445200.0 5239248300.0 7938087300.0 7628821200.0 5353405200.0 5162157000.0 6473996100.0 12006036900.0 807463800.0 1833202800.0 12590978400.0 5776828200.0 11168586000.0 11198444400.0 244272600.0 9761637600.0 858815100.0 4028953500.0 8830879200.0 5358810600.0 7270520400.0 10868715000.0 5827021200.0 2305403100.0 9492783300.0 -380714805900.0 4525478100.0 8827275600.0 914799600.0 9390338100.0 687258000.0 11886603300.0 5771422800.0 1866278700.0 7589825100.0 10966398300.0 12662535600.0 11701146600.0 11455072200.0 6250315500.0 12503977200.0 9824443200.0 2534875200.0 5553405000.0 10766784600.0 12845032200.0 1647360000.0 5679531000.0 2783523600.0 2559328200.0 9416464200.0 5255593200.0 2186999100.0 2844398700.0 883782900.0 4699995300.0 867824100.0 7315050600.0 
11891563992.0 2071100700.0 5738038992.0 5725802268.0 8675274708.0 8337287952.0 5850560592.0 5641551720.0 7075217556.0 13121003124.0 882450648.0 2003447088.0 13760266464.0 6313305672.0 12205780560.0 12238411824.0 266957496.0 10668172896.0 938570796.0 4403110860.0 9650977632.0 5856467976.0 7945712784.0 11878061400.0 6368159952.0 2519499276.0 10374350868.0 4525478100.0 -415650430188.0 9647039376.0 999754416.0 10262391876.0 751081680.0 12990478068.0 6307398288.0 2039594652.0 8294670396.0 11984816268.0 13838468976.0 12787798536.0 12518871912.0 6830764380.0 13665185712.0 10736811072.0 2770281792.0 6069133800.0 11766665016.0 14037913512.0 1800345600.0 6206972760.0 3042021456.0 2797005672.0 10290944232.0 5743665072.0 2390099436.0 3108549852.0 965857284.0 5136470388.0 948416436.0 7994378376.0 
23195364192.0 4039833200.0 11192464192.0 11168595568.0 16921757008.0 16262489152.0 11411945792.0 11004258720.0 13800728656.0 25593475024.0 1721284448.0 3907869888.0 26840404864.0 12314563872.0 23808266560.0 23871916224.0 520720096.0 20809050496.0 1830750896.0 8588589360.0 18824936832.0 11423468576.0 15498693184.0 23169026400.0 12421561152.0 4914467376.0 20235929168.0 8827275600.0 9647039376.0 -801586309888.0 1950094016.0 20017544976.0 1465039680.0 25338876368.0 12303041088.0 3978378352.0 16179360496.0 23377259568.0 26992944576.0 24943535136.0 24418974112.0 13323904880.0 26654942912.0 20942934272.0 5403636992.0 11838288800.0 22951739616.0 27381975712.0 3511705600.0 12107153760.0 5933685056.0 5455763872.0 20073238432.0 11203438272.0 4662063536.0 6063453552.0 1883975184.0 10019060688.0 1849955536.0 15593618976.0 
2403811872.0 418661200.0 1159911872.0 1157438288.0 1753657328.0 1685335232.0 1182657472.0 1140407520.0 1430214896.0 2652335984.0 178382368.0 404985408.0 2781559424.0 1276198752.0 2467328960.0 2473925184.0 53963936.0 2156510336.0 189726736.0 890063760.0 1950890112.0 1183851616.0 1606180544.0 2401082400.0 1287287232.0 509302416.0 2097115888.0 914799600.0 999754416.0 1950094016.0 -84819024768.0 2074484016.0 151826880.0 2625951088.0 1275004608.0 412292432.0 1676720336.0 2422662288.0 2797367616.0 2584980576.0 2530618592.0 1380800080.0 2762339392.0 2170385152.0 559996672.0 1226840800.0 2378564256.0 2837684192.0 363929600.0 1254704160.0 614927296.0 565398752.0 2080255712.0 1161049152.0 483144976.0 628375632.0 195242544.0 1038308208.0 191716976.0 1616018016.0 
24674919192.0 4297520700.0 11906394192.0 11881003068.0 18001139508.0 17299819152.0 12139875792.0 11706183720.0 14681031156.0 27225997524.0 1831079448.0 4157139888.0 28552464864.0 13100068872.0 25326916560.0 25394626224.0 553935096.0 22136390496.0 1947528396.0 9136426860.0 20025716832.0 12152133576.0 16487303184.0 24646901400.0 13213891152.0 5227944876.0 21526711668.0 9390338100.0 10262391876.0 20017544976.0 2074484016.0 -851439977388.0 1558489680.0 26955158868.0 13087811088.0 4232145852.0 17211387996.0 24868417068.0 28714734576.0 26534600136.0 25976579112.0 14173792380.0 28355172912.0 22278814272.0 5748316992.0 12593413800.0 24415754616.0 29128580712.0 3735705600.0 12879428760.0 6312175056.0 5803768872.0 21353643432.0 11918068272.0 4959441036.0 6450221052.0 2004147684.0 10658143188.0 1967958036.0 16588283976.0 
1805902560.0 314526000.0 871402560.0 869544240.0 1317463440.0 1266135360.0 888490560.0 856749600.0 1074472080.0 1992610320.0 134012640.0 304251840.0 2089691520.0 958764960.0 1853620800.0 1858576320.0 40541280.0 1620113280.0 142535280.0 668674800.0 1465637760.0 889387680.0 1206669120.0 1803852000.0 967095360.0 382621680.0 1575492240.0 687258000.0 751081680.0 1465039680.0 151826880.0 1558489680.0 -63759429120.0 1972788240.0 957867840.0 309741360.0 1259663280.0 1820064240.0 2101567680.0 1942008480.0 1901168160.0 1037348400.0 2075252160.0 1630536960.0 420706560.0 921684000.0 1786934880.0 2131856160.0 273408000.0 942616800.0 461974080.0 424764960.0 1562825760.0 872256960.0 362970480.0 472077360.0 146679120.0 780045840.0 144030480.0 1214059680.0 
31234336056.0 5439945100.0 15071511056.0 15039370124.0 22786443044.0 21898688336.0 15367059856.0 14818077960.0 18583739108.0 34463576132.0 2317841464.0 5262246384.0 36142662752.0 16582504296.0 32059656080.0 32145365232.0 701189528.0 28020981728.0 2465246428.0 11565193980.0 25349220576.0 15382576168.0 20870178512.0 31198870200.0 16726584336.0 6617707068.0 27249229924.0 11886603300.0 12990478068.0 25338876368.0 2625951088.0 26955158868.0 1972788240.0 -1070615553228.0 16566987984.0 5357191436.0 21786749228.0 31479272124.0 36348069168.0 33588382248.0 32882020616.0 17941659340.0 35892924016.0 28201266496.0 7276411456.0 15941163400.0 30906276888.0 36871929416.0 4728780800.0 16303210680.0 7990161808.0 7346604296.0 27030154376.0 15086288496.0 6277825948.0 8164905036.0 2536917012.0 13491433284.0 2491106948.0 20998003368.0 
15165523296.0 2641311600.0 7317823296.0 7302217584.0 11063732304.0 10632691776.0 7461324096.0 7194771360.0 9023150928.0 16733448912.0 1125405024.0 2555031744.0 17548712832.0 8051471136.0 15566249280.0 15607864512.0 340455648.0 13605310848.0 1196976048.0 5615365680.0 12308063616.0 7468857888.0 10133308992.0 15148303200.0 8121427776.0 3213162288.0 13230594384.0 5771422800.0 6307398288.0 12303041088.0 1275004608.0 13087811088.0 957867840.0 16566987984.0 -528349855488.0 2601131376.0 10578340848.0 15284449584.0 17648445888.0 16308507168.0 15965540256.0 8711395440.0 17427454656.0 13692846336.0 3532989696.0 7740074400.0 15006237408.0 17902801056.0 2296012800.0 7915862880.0 3879544128.0 3567071136.0 13124224416.0 7324998336.0 3048136368.0 3964388976.0 1231774992.0 6550632144.0 1209532368.0 10195373088.0 
4904006184.0 854108900.0 2366331184.0 2361284836.0 3577628716.0 3438245104.0 2412734384.0 2326540440.0 2917775212.0 5411019148.0 363917096.0 826208976.0 5674647328.0 2603567544.0 5033587120.0 5047044048.0 110091592.0 4399487392.0 387060692.0 1815815220.0 3980002464.0 2415170552.0 3276761968.0 4898437800.0 2626189104.0 1039025652.0 4278317036.0 1866278700.0 2039594652.0 3978378352.0 412292432.0 4232145852.0 309741360.0 5357191436.0 2601131376.0 -172610101324.0 3420669892.0 4942462836.0 5706897552.0 5273607672.0 5162704024.0 2816964260.0 5635436624.0 4427793344.0 1142446784.0 2502872600.0 4852498632.0 5789147224.0 742451200.0 2559716520.0 1254510512.0 1153467544.0 4243920664.0 2368651344.0 985661972.0 1281946404.0 398313468.0 2118248076.0 391120972.0 3296831352.0 
19943725032.0 3473509700.0 9623450032.0 9602927428.0 14549582668.0 13982734192.0 9812163632.0 9461628120.0 11866075276.0 22005657004.0 1479986408.0 3360045648.0 23077786144.0 10588248312.0 20470707760.0 20525434704.0 447723016.0 17891936416.0 1574107316.0 7384599060.0 16185965472.0 9822071096.0 13326010864.0 19921079400.0 10680246192.0 4225533396.0 17399158028.0 7589825100.0 8294670396.0 16179360496.0 1676720336.0 17211387996.0 1259663280.0 21786749228.0 10578340848.0 3420669892.0 -691484137228.0 20100121428.0 23208942096.0 21446828856.0 20995803352.0 11456094980.0 22918323152.0 18007051712.0 4646128832.0 10178739800.0 19734252936.0 23543436952.0 3019417600.0 10409913960.0 5101872176.0 4690948312.0 17259274072.0 9632885712.0 4008512756.0 5213449092.0 1619870364.0 8614539948.0 1590619756.0 13407629496.0 
28816320456.0 5018810100.0 13904745456.0 13875092724.0 21022423644.0 20203394736.0 14177414256.0 13670931960.0 17145073308.0 31795567932.0 2138405064.0 4854867984.0 33344667552.0 15298764696.0 29577748080.0 29656822032.0 646906728.0 25851728928.0 2274398628.0 10669870980.0 23386802976.0 14191729368.0 19254507312.0 28783600200.0 15431690736.0 6105395268.0 25139722524.0 10966398300.0 11984816268.0 23377259568.0 2422662288.0 24868417068.0 1820064240.0 31479272124.0 15284449584.0 4942462836.0 20100121428.0 -990170502828.0 33534172368.0 30988127448.0 30336449016.0 16552700340.0 33114262416.0 26018056896.0 6713105856.0 14707073400.0 28513658088.0 34017477816.0 4362700800.0 15041092680.0 7371601008.0 6777864696.0 24937606776.0 13918378896.0 5791826148.0 7532816436.0 2340520812.0 12446989884.0 2298257148.0 19372436568.0 
33273247392.0 5795053200.0 16055347392.0 16021108368.0 24273893808.0 23328188352.0 16370188992.0 15785370720.0 19796846256.0 36713285424.0 2469145248.0 5605754688.0 38501979264.0 17664975072.0 34152442560.0 34243746624.0 746961696.0 29850132096.0 2626172496.0 12320145360.0 27003964032.0 16386718176.0 22232539584.0 33235466400.0 17818460352.0 7049696976.0 29028001968.0 12662535600.0 13838468976.0 26992944576.0 2797367616.0 28714734576.0 2101567680.0 36348069168.0 17648445888.0 5706897552.0 23208942096.0 33534172368.0 -1138130345088.0 35780960736.0 35028489312.0 19112852880.0 38235938112.0 30042185472.0 7751400192.0 16981768800.0 32923773216.0 39278850912.0 5037465600.0 17367449760.0 8511742656.0 7826175072.0 28794625632.0 16071089472.0 6687629136.0 8697892752.0 2702521584.0 14372125488.0 2653721136.0 22368708576.0 
30747012912.0 5355070200.0 14836362912.0 14804723448.0 22430925288.0 21557021472.0 15127300512.0 14586883920.0 18293792616.0 33925869864.0 2281678128.0 5180143968.0 35578759104.0 16323781392.0 31559456160.0 31643828064.0 690249456.0 27583793856.0 2426783256.0 11384751960.0 24953717952.0 15142574736.0 20544558624.0 30712100400.0 16465613472.0 6514456536.0 26824083048.0 11701146600.0 12787798536.0 24943535136.0 2584980576.0 26534600136.0 1942008480.0 33588382248.0 16308507168.0 5273607672.0 21446828856.0 30988127448.0 35780960736.0 -1054435688208.0 32368990032.0 17661730680.0 35332916832.0 27761265792.0 7162883712.0 15692446800.0 30424072176.0 36296647632.0 4655001600.0 16048845360.0 7865498016.0 7231981392.0 26608425552.0 14850909792.0 6179878296.0 8037514872.0 2497335624.0 13280937768.0 2452240296.0 20670389136.0 
30100405104.0 5242453400.0 14524355104.0 14493381016.0 21959204296.0 21103678624.0 14809174304.0 14280122640.0 17909075272.0 33212410888.0 2233694576.0 5071205856.0 34830539968.0 15980493264.0 30895762720.0 30978360288.0 675733552.0 27003708352.0 2375748152.0 11145331320.0 24428942784.0 14824127312.0 20112507808.0 30066226800.0 16119342624.0 6377457912.0 26259974216.0 11455072200.0 12518871912.0 24418974112.0 2530618592.0 25976579112.0 1901168160.0 32882020616.0 15965540256.0 5162704024.0 20995803352.0 30336449016.0 35028489312.0 32368990032.0 -1032941687824.0 17290305560.0 34589867744.0 27177448064.0 7012248704.0 15362435600.0 29784255792.0 35533331344.0 4557107200.0 15711339120.0 7700087072.0 7079893264.0 26048851984.0 14538596064.0 6049915832.0 7868486424.0 2444816808.0 13001640456.0 2400669832.0 20235692112.0 
16423905960.0 2860478500.0 7925030960.0 7908130340.0 11981762540.0 11514955760.0 8080438960.0 7791768600.0 9771860780.0 18121932620.0 1218787240.0 2767039440.0 19004844320.0 8719554360.0 16857882800.0 16902951120.0 368705480.0 14734232480.0 1296296980.0 6081309300.0 13329344160.0 8088597880.0 10974135920.0 16405257000.0 8795315760.0 3479779380.0 14328423340.0 6250315500.0 6830764380.0 13323904880.0 1380800080.0 14173792380.0 1037348400.0 17941659340.0 8711395440.0 2816964260.0 11456094980.0 16552700340.0 19112852880.0 17661730680.0 17290305560.0 -571467657420.0 18873524560.0 14829031360.0 3826144960.0 8382319000.0 16251403080.0 19388313560.0 2486528000.0 8572693800.0 4201455280.0 3863054360.0 14213227160.0 7932801360.0 3301060180.0 4293340260.0 1333983420.0 7094180940.0 1309895180.0 11041349880.0 
32856604704.0 5722488400.0 15854304704.0 15820494416.0 23969939696.0 23036076224.0 16165203904.0 15587708640.0 19548953072.0 36253567088.0 2438226976.0 5535560256.0 38019863168.0 17443776864.0 33724790720.0 33814951488.0 737608352.0 29476353152.0 2593287952.0 12165874320.0 26665824384.0 16181526112.0 21954147008.0 32819296800.0 17595340224.0 6961421712.0 28664517616.0 12503977200.0 13665185712.0 26654942912.0 2762339392.0 28355172912.0 2075252160.0 35892924016.0 17427454656.0 5635436624.0 22918323152.0 33114262416.0 38235938112.0 35332916832.0 34589867744.0 18873524560.0 -1124357629824.0 29666001664.0 7654338304.0 16769125600.0 32511506592.0 38787006944.0 4974387200.0 17149977120.0 8405159872.0 7728176864.0 28434063584.0 15869849664.0 6603887632.0 8588979024.0 2668681008.0 14192159856.0 2620491632.0 22088610912.0 
25815613824.0 4496190400.0 12456813824.0 12430248896.0 18833312576.0 18099570944.0 12701089024.0 12247347840.0 15359719232.0 28484625728.0 1915728256.0 4349319936.0 29872414208.0 13705670784.0 26497752320.0 26568592128.0 579542912.0 23159731712.0 2037560512.0 9558793920.0 20951483904.0 12713913472.0 17249493248.0 25786300800.0 13824754944.0 5469627072.0 22521868096.0 9824443200.0 10736811072.0 20942934272.0 2170385152.0 22278814272.0 1630536960.0 28201266496.0 13692846336.0 4427793344.0 18007051712.0 26018056896.0 30042185472.0 27761265792.0 27177448064.0 14829031360.0 29666001664.0 -889771194624.0 6014055424.0 13175593600.0 25544468352.0 30475163264.0 3908403200.0 13474830720.0 6603980032.0 6072070784.0 22340799104.0 12469027584.0 5188710592.0 6748407744.0 2096797248.0 11150857536.0 2058934592.0 17355142272.0 
6660872064.0 1160094400.0 3214072064.0 3207217856.0 4859318336.0 4670000384.0 3277099264.0 3160026240.0 3963071552.0 7349523008.0 494290816.0 1122199296.0 7707596288.0 3536298624.0 6836875520.0 6855153408.0 149532032.0 5975608832.0 525725632.0 2466333120.0 5405842944.0 3280408192.0 4450665728.0 6653308800.0 3567024384.0 1411257792.0 5811029056.0 2534875200.0 2770281792.0 5403636992.0 559996672.0 5748316992.0 420706560.0 7276411456.0 3532989696.0 1142446784.0 4646128832.0 6713105856.0 7751400192.0 7162883712.0 7012248704.0 3826144960.0 7654338304.0 6014055424.0 -234038586624.0 3399529600.0 6590911872.0 7863115904.0 1008435200.0 3476737920.0 1703940352.0 1566698624.0 5764310144.0 3217223424.0 1338776512.0 1741205184.0 541009728.0 2877112896.0 531240512.0 4477924992.0 
14592639600.0 2541535000.0 7041389600.0 7026373400.0 10645795400.0 10231037600.0 7179469600.0 6922986000.0 8682297800.0 16101336200.0 1082892400.0 2458514400.0 16885803200.0 7747323600.0 14978228000.0 15018271200.0 327594800.0 13091364800.0 1151759800.0 5403243000.0 11843121600.0 7186718800.0 9750519200.0 14576070000.0 7814637600.0 3091783800.0 12730803400.0 5553405000.0 6069133800.0 11838288800.0 1226840800.0 12593413800.0 921684000.0 15941163400.0 7740074400.0 2502872600.0 10178739800.0 14707073400.0 16981768800.0 15692446800.0 15362435600.0 8382319000.0 16769125600.0 13175593600.0 3399529600.0 -508683613200.0 14439370800.0 17226515600.0 2209280000.0 7616838000.0 3732992800.0 3432323600.0 12628451600.0 7048293600.0 2932991800.0 3814632600.0 1185244200.0 6303179400.0 1163841800.0 9810238800.0 
28291797072.0 4927456200.0 13651647072.0 13622534088.0 20639767128.0 19835646432.0 13919352672.0 13422089520.0 16832993496.0 31216815384.0 2099481168.0 4766498208.0 32737717824.0 15020291952.0 29039364960.0 29116999584.0 635131536.0 25381167936.0 2232999336.0 10475654760.0 22961109312.0 13933407216.0 18904030944.0 28259672400.0 15150798432.0 5994263016.0 24682121688.0 10766784600.0 11766665016.0 22951739616.0 2378564256.0 24415754616.0 1786934880.0 30906276888.0 15006237408.0 4852498632.0 19734252936.0 28513658088.0 32923773216.0 30424072176.0 29784255792.0 16251403080.0 32511506592.0 25544468352.0 6590911872.0 14439370800.0 -972666133968.0 33398281392.0 4283289600.0 14767310160.0 7237420896.0 6654491952.0 24483684912.0 13665032352.0 5686401576.0 7395701832.0 2297917944.0 12220426008.0 2256423576.0 19019813616.0 
33752792304.0 5878573400.0 16286742304.0 16252009816.0 24623737096.0 23664401824.0 16606121504.0 16012874640.0 20082164872.0 37242409288.0 2504731376.0 5686546656.0 39056882368.0 17919568464.0 34644658720.0 34737278688.0 757727152.0 30280341952.0 2664021752.0 12497707320.0 27393153984.0 16622888912.0 22552962208.0 33714466800.0 18075265824.0 7151299512.0 29446363016.0 12845032200.0 14037913512.0 27381975712.0 2837684192.0 29128580712.0 2131856160.0 36871929416.0 17902801056.0 5789147224.0 23543436952.0 34017477816.0 39278850912.0 36296647632.0 35533331344.0 19388313560.0 38787006944.0 30475163264.0 7863115904.0 17226515600.0 33398281392.0 -1153967351824.0 5110067200.0 17617755120.0 8634416672.0 7938968464.0 29209623184.0 16302711264.0 6784013432.0 8823249624.0 2741471208.0 14579261256.0 2691967432.0 22691093712.0 
4328755200.0 753920000.0 2088755200.0 2084300800.0 3157964800.0 3034931200.0 2129715200.0 2053632000.0 2575513600.0 4776294400.0 321228800.0 729292800.0 5008998400.0 2298163200.0 4443136000.0 4455014400.0 97177600.0 3883417600.0 341657600.0 1602816000.0 3513139200.0 2131865600.0 2892390400.0 4323840000.0 2318131200.0 917145600.0 3776460800.0 1647360000.0 1800345600.0 3511705600.0 363929600.0 3735705600.0 273408000.0 4728780800.0 2296012800.0 742451200.0 3019417600.0 4362700800.0 5037465600.0 4655001600.0 4557107200.0 2486528000.0 4974387200.0 3908403200.0 1008435200.0 2209280000.0 4283289600.0 5110067200.0 -152449638400.0 2259456000.0 1107353600.0 1018163200.0 3746099200.0 2090803200.0 870041600.0 1131571200.0 351590400.0 1869772800.0 345241600.0 2910105600.0 
