-10405521972.0 1032544.0 58417436.0 43845344.0 21418992.0 195160260.0 68579180.0 909772.0 285788032.0 28363480.0 142985308.0 292874180.0 235561692.0 245606960.0 183600804.0 106068712.0 95239592.0 5660104.0 54133008.0 65103788.0 256609220.0 59922180.0 313323588.0 264935680.0 293661180.0 31168348.0 203647268.0 264498108.0 212521480.0 198686020.0 181179992.0 202463620.0 11068368.0 149542592.0 118223140.0 148318020.0 215058768.0 21957300.0 59560160.0 45466564.0 219724104.0 311488304.0 155196400.0 66394468.0 313395992.0 267038544.0 287730348.0 277042888.0 250111748.0 222714704.0 12069432.0 71966428.0 20175532.0 91468288.0 191502284.0 270312464.0 109355224.0 135505660.0 111454940.0 207745964.0 156600408.0 57772096.0 253974344.0 192390020.0 135486772.0 183950232.0 63082772.0 126420532.0 132118412.0 129171884.0 
1032544.0 -4337338176.0 24346784.0 18273536.0 8926848.0 81337440.0 28581920.0 379168.0 119108608.0 11821120.0 59592352.0 122061920.0 98175648.0 102362240.0 76519776.0 44206528.0 39693248.0 2358976.0 22561152.0 27133472.0 106947680.0 24973920.0 130584672.0 110417920.0 122389920.0 12990112.0 84874592.0 110235552.0 88573120.0 82806880.0 75510848.0 84381280.0 4612992.0 62325248.0 49272160.0 61814880.0 89630592.0 9151200.0 24823040.0 18949216.0 91574976.0 129819776.0 64681600.0 27671392.0 130614848.0 111294336.0 119918112.0 115463872.0 104239712.0 92821376.0 5030208.0 29993632.0 8408608.0 38121472.0 79812896.0 112658816.0 45576256.0 56475040.0 46451360.0 86582816.0 65266752.0 24077824.0 105849536.0 80182880.0 56467168.0 76665408.0 26291168.0 52688608.0 55063328.0 53835296.0 
58417436.0 24346784.0 -244037094532.0 1033847584.0 505047312.0 4601764860.0 1617056980.0 21451892.0 6738714752.0 668794280.0 3371509988.0 6905801980.0 5554407012.0 5791268560.0 4329199644.0 2501038232.0 2245693912.0 133461944.0 1276424688.0 1535109268.0 6050695420.0 1412929980.0 7387987068.0 6247028480.0 6924358980.0 734931428.0 4801883548.0 6236710788.0 5011132280.0 4684900220.0 4272118312.0 4773973820.0 260985648.0 3526126912.0 2787632540.0 3497252220.0 5070960048.0 517740300.0 1404393760.0 1072075004.0 5180965944.0 7344712144.0 3659440400.0 1565542748.0 7389694312.0 6296612784.0 6784513428.0 6532509368.0 5897488828.0 5251482544.0 284590152.0 1696926308.0 475727252.0 2156768768.0 4515511924.0 6373809904.0 2578532264.0 3195144260.0 2628042340.0 4898528404.0 3692546088.0 1362232256.0 5988566584.0 4536444220.0 3194698892.0 4337438952.0 1487454892.0 2980922252.0 3115274932.0 3045797524.0 
43845344.0 18273536.0 1033847584.0 -183420506176.0 379064448.0 3453865440.0 1213685920.0 16100768.0 5057758208.0 501965120.0 2530494752.0 5183165920.0 4168873248.0 4346650240.0 3249290976.0 1877160128.0 1685510848.0 100170176.0 958023552.0 1152179872.0 4541363680.0 1060477920.0 5545071072.0 4688721920.0 5197093920.0 551604512.0 3604064992.0 4680977952.0 3761117120.0 3516262880.0 3206448448.0 3583117280.0 195883392.0 2646542848.0 2092264160.0 2624870880.0 3806020992.0 388591200.0 1054071040.0 804648416.0 3888586176.0 5512590976.0 2746601600.0 1175021792.0 5546352448.0 4725937536.0 5092132512.0 4902990272.0 4426374112.0 3941512576.0 213599808.0 1273632032.0 357058208.0 1618767872.0 3389128096.0 4783878016.0 1935323456.0 2398123040.0 1972483360.0 3676602016.0 2771449152.0 1022426624.0 4494732736.0 3404838880.0 2397788768.0 3255475008.0 1116412768.0 2237338208.0 2338176928.0 2286030496.0 
21418992.0 8926848.0 505047312.0 379064448.0 -89797069152.0 1687255920.0 592900560.0 7865424.0 2470777344.0 245216160.0 1236177936.0 2532040560.0 2036546064.0 2123392320.0 1587318768.0 917015904.0 823392864.0 48934368.0 468006336.0 562854096.0 2218512240.0 518056560.0 2708835696.0 2290498560.0 2538844560.0 269465616.0 1760630256.0 2286715536.0 1837352160.0 1717737840.0 1566389664.0 1750397040.0 95691456.0 1292868864.0 1022096880.0 1282281840.0 1859288256.0 189831600.0 514926720.0 393080688.0 1899622368.0 2692968768.0 1341748800.0 574012656.0 2709461664.0 2308678848.0 2487569616.0 2395171296.0 2162338416.0 1925477568.0 104346144.0 622184976.0 174427344.0 790788096.0 1655630928.0 2336983488.0 945429408.0 1171512720.0 963582480.0 1796065488.0 1353887136.0 499468032.0 2195732448.0 1663305840.0 1171349424.0 1590339744.0 545381424.0 1092967344.0 1142228304.0 1116754128.0 
195160260.0 81337440.0 4601764860.0 3453865440.0 1687255920.0 -804504403380.0 5402244300.0 71666220.0 22512616320.0 2234299800.0 11263499580.0 23070819300.0 18556095420.0 19347399600.0 14462937540.0 8355438120.0 7502386920.0 445868040.0 4264264080.0 5128474380.0 20214089700.0 4720299300.0 24681697380.0 20869996800.0 23132814300.0 2455249980.0 16042074180.0 20835527580.0 16741129800.0 15651257700.0 14272240920.0 15948833700.0 871897680.0 11780041920.0 9312888900.0 11683577700.0 16941001680.0 1729660500.0 4691781600.0 3581575140.0 17308508040.0 24537125040.0 12225414000.0 5230146180.0 24687400920.0 21035647440.0 22665619980.0 21823727880.0 19702258980.0 17544089040.0 950755320.0 5669070780.0 1589303820.0 7205306880.0 15085367340.0 21293546640.0 8614329240.0 10674299100.0 8779731900.0 16364944140.0 12336013080.0 4550928960.0 20006530440.0 15155297700.0 10672811220.0 14490463320.0 4969271220.0 9958628820.0 10407472620.0 10175363340.0 
68579180.0 28581920.0 1617056980.0 1213685920.0 592900560.0 5402244300.0 -286206188740.0 25183460.0 7910917760.0 785131400.0 3957985940.0 8107069900.0 6520599060.0 6798662800.0 5082266220.0 2936095160.0 2636333560.0 156677720.0 1498459440.0 1802142340.0 7103217100.0 1658709900.0 8673131340.0 7333702400.0 8128854900.0 862773140.0 5637173740.0 7321589940.0 5882821400.0 5499841100.0 5015255560.0 5604409100.0 306384240.0 4139498560.0 3272542700.0 4105601100.0 5953056240.0 607801500.0 1648688800.0 1258563020.0 6082197720.0 8622328720.0 4296002000.0 1837869740.0 8675135560.0 7391911920.0 7964683140.0 7668842840.0 6923360140.0 6164980720.0 334094760.0 1992107540.0 558480260.0 2531939840.0 5300987620.0 7482537520.0 3027069320.0 3750941300.0 3085191700.0 5750630020.0 4334866440.0 1599193280.0 7030280920.0 5325561100.0 3750418460.0 5091938760.0 1746198460.0 3499455260.0 3657178660.0 3575615620.0 
909772.0 379168.0 21451892.0 16100768.0 7865424.0 71666220.0 25183460.0 -3821663172.0 104946304.0 10415560.0 52506676.0 107548460.0 86502324.0 90191120.0 67421388.0 38950264.0 34973624.0 2078488.0 19878576.0 23907236.0 94231340.0 22004460.0 115057836.0 97288960.0 107837460.0 11445556.0 74782796.0 97128276.0 78041560.0 72960940.0 66532424.0 74348140.0 4064496.0 54914624.0 43413580.0 54464940.0 78973296.0 8063100.0 21871520.0 16696108.0 80686488.0 114383888.0 56990800.0 24381196.0 115084424.0 98061168.0 105659556.0 101734936.0 91845356.0 81784688.0 4432104.0 26427316.0 7408804.0 33588736.0 70322948.0 99263408.0 40157128.0 49760020.0 40928180.0 76287908.0 57506376.0 21214912.0 93263768.0 70648940.0 49753084.0 67549704.0 23165084.0 46423804.0 48516164.0 47434148.0 
285788032.0 119108608.0 6738714752.0 5057758208.0 2470777344.0 22512616320.0 7910917760.0 104946304.0 -1167642746112.0 3271855360.0 16494000256.0 33784357760.0 27173103744.0 28331870720.0 21179180928.0 12235504384.0 10986316544.0 652918528.0 6244486656.0 7510015616.0 29601031040.0 6912293760.0 36143289216.0 30561525760.0 33875141760.0 3595409536.0 23491630976.0 30511049856.0 24515311360.0 22919328640.0 20899929344.0 23355091840.0 1276786176.0 17250412544.0 13637572480.0 17109152640.0 24807998976.0 2532873600.0 6870533120.0 5244773248.0 25346166528.0 35931580928.0 17902604800.0 7658901376.0 36151641344.0 30804100608.0 33190993536.0 31958146816.0 28851518336.0 25691145728.0 1392263424.0 8301652096.0 2327338624.0 10551279616.0 22090652288.0 31181762048.0 12614618368.0 15631189120.0 12856830080.0 23964434048.0 18064563456.0 6664271872.0 29297086208.0 22193056640.0 15629010304.0 21219489024.0 7276882304.0 14583178624.0 15240454784.0 14900559488.0 
28363480.0 11821120.0 668794280.0 501965120.0 245216160.0 2234299800.0 785131400.0 10415560.0 3271855360.0 -118831664640.0 1636972840.0 3352981400.0 2696837160.0 2811840800.0 2101960920.0 1214331760.0 1090354160.0 64799920.0 619743840.0 745343240.0 2937800600.0 686021400.0 3587097240.0 3033126400.0 3361991400.0 356832040.0 2331463640.0 3028116840.0 2433060400.0 2274664600.0 2074246160.0 2317912600.0 126716640.0 1712044160.0 1353482200.0 1698024600.0 2462108640.0 251379000.0 681876800.0 520525720.0 2515519920.0 3566085920.0 1776772000.0 760119640.0 3587926160.0 3057201120.0 3294092040.0 3171736240.0 2863414040.0 2549757920.0 138177360.0 823910440.0 230980360.0 1047178240.0 2192421320.0 3094682720.0 1251957520.0 1551341800.0 1275996200.0 2378387720.0 1792845840.0 661406080.0 2907635120.0 2202584600.0 1551125560.0 2105961360.0 722205560.0 1447330360.0 1512562760.0 1478829320.0 
142985308.0 59592352.0 3371509988.0 2530494752.0 1236177936.0 11263499580.0 3957985940.0 52506676.0 16494000256.0 1636972840.0 -592436095620.0 16902970940.0 13595232036.0 14174985680.0 10596355932.0 6121660696.0 5496667736.0 326667832.0 3124238064.0 3757406804.0 14809971260.0 3458354940.0 18083190204.0 15290525440.0 16948391940.0 1798853284.0 11753319644.0 15265271364.0 12265486840.0 11466985660.0 10456640936.0 11685006460.0 638800944.0 8630716736.0 6823142620.0 8560041660.0 12411924144.0 1267245900.0 3437461280.0 2624062012.0 12681179832.0 17977268432.0 8957021200.0 3831897244.0 18087368936.0 15411890352.0 16606099284.0 15989282104.0 14434975484.0 12853779632.0 696576456.0 4153477924.0 1164412756.0 5279010304.0 11052382772.0 15600841712.0 6311338792.0 7820587780.0 6432522020.0 11989872212.0 9038052264.0 3334264768.0 14657901752.0 11103617660.0 7819497676.0 10616522856.0 3640765676.0 7296247756.0 7625095796.0 7455039572.0 
292874180.0 122061920.0 6905801980.0 5183165920.0 2532040560.0 23070819300.0 8107069900.0 107548460.0 33784357760.0 3352981400.0 16902970940.0 -1195756898740.0 27846864060.0 29034362800.0 21704321220.0 12538885160.0 11258723560.0 669107720.0 6399319440.0 7696227340.0 30334992100.0 7083684900.0 37039466340.0 31319302400.0 34715079900.0 3684558140.0 24074108740.0 31267574940.0 25123171400.0 23487616100.0 21418145560.0 23934184100.0 1308444240.0 17678138560.0 13975717700.0 17533376100.0 25423116240.0 2595676500.0 7040888800.0 5374818020.0 25974627720.0 36822508720.0 18346502000.0 7848804740.0 37048025560.0 31567891920.0 34013968140.0 32750552840.0 29566895140.0 26328160720.0 1426784760.0 8507492540.0 2385045260.0 10812899840.0 22638392620.0 31954917520.0 12927399320.0 16018766300.0 13175616700.0 24558635020.0 18512476440.0 6829513280.0 30023510920.0 22743336100.0 16016533460.0 21745628760.0 7457313460.0 14944770260.0 15618343660.0 15270020620.0 
235561692.0 98175648.0 5554407012.0 4168873248.0 2036546064.0 18556095420.0 6520599060.0 86502324.0 27173103744.0 2696837160.0 13595232036.0 27846864060.0 -967208824452.0 23352634320.0 17457007068.0 10085153304.0 9055506264.0 538170168.0 5147037936.0 6190154196.0 24398743740.0 5697480060.0 29791220796.0 25190434560.0 27921693060.0 2963527716.0 19363051356.0 25148829636.0 20206823160.0 18891329340.0 17226833064.0 19250508540.0 1052395056.0 14218707264.0 11240812380.0 14102273340.0 20448071856.0 2087729100.0 5663058720.0 4323020988.0 20891658168.0 29616719568.0 14756278800.0 6312873756.0 29798105064.0 25390377648.0 27357781716.0 26341603896.0 23780955516.0 21176008368.0 1147577544.0 6842663076.0 1918316244.0 8696925696.0 18208290228.0 25701666288.0 10397639208.0 12884057220.0 10597282980.0 19752760788.0 14889773736.0 5493047232.0 24148216248.0 18292697340.0 12882261324.0 17490231144.0 5997993324.0 12020231244.0 12561993204.0 12281833428.0 
245606960.0 102362240.0 5791268560.0 4346650240.0 2123392320.0 19347399600.0 6798662800.0 90191120.0 28331870720.0 2811840800.0 14174985680.0 29034362800.0 23352634320.0 -1007458528480.0 18201441840.0 10515223520.0 9441668320.0 561119840.0 5366527680.0 6454126480.0 25439201200.0 5940442800.0 31061634480.0 26264652800.0 29112382800.0 3089904080.0 20188767280.0 26221273680.0 21068520800.0 19696929200.0 17961452320.0 20071425200.0 1097273280.0 14825048320.0 11720164400.0 14703649200.0 21320057280.0 2176758000.0 5904553600.0 4507371440.0 21782559840.0 30879691840.0 15385544000.0 6582079280.0 31068812320.0 26473122240.0 28524424080.0 27464912480.0 24795068080.0 22079035840.0 1196514720.0 7134460880.0 2000120720.0 9067796480.0 18984762640.0 26797685440.0 10841035040.0 13433483600.0 11049192400.0 20595095440.0 15524731680.0 5727292160.0 25177990240.0 19072769200.0 13431611120.0 18236082720.0 6253771120.0 12532820720.0 13097685520.0 12805578640.0 
183600804.0 76519776.0 4329199644.0 3249290976.0 1587318768.0 14462937540.0 5082266220.0 67421388.0 21179180928.0 2101960920.0 10596355932.0 21704321220.0 17457007068.0 18201441840.0 -757709786676.0 7860540648.0 7058016168.0 419459016.0 4011689232.0 4824711852.0 19016797380.0 4440713220.0 23219786052.0 19633854720.0 21762644220.0 2309824092.0 15091892772.0 19601427132.0 15749542920.0 14724224580.0 13426887768.0 15004174980.0 820254672.0 11082303168.0 8761281060.0 10991552580.0 15937576272.0 1627211700.0 4413884640.0 3369436356.0 16283315016.0 23083776816.0 11501295600.0 4920361572.0 23225151768.0 19789693776.0 21323122092.0 20531095752.0 18535282692.0 16504942416.0 894441528.0 5333288412.0 1495168428.0 6778532352.0 14191852236.0 20032317456.0 8104097496.0 10042054140.0 8259703260.0 15395638956.0 11605343832.0 4281374784.0 18821531976.0 14257640580.0 10040654388.0 13632184728.0 4674938388.0 9368773428.0 9791031948.0 9572670636.0 
106068712.0 44206528.0 2501038232.0 1877160128.0 917015904.0 8355438120.0 2936095160.0 38950264.0 12235504384.0 1214331760.0 6121660696.0 12538885160.0 10085153304.0 10515223520.0 7860540648.0 -441058772832.0 4077513104.0 242327248.0 2317608096.0 2787302456.0 10986265640.0 2565461160.0 13414390056.0 11342748160.0 12572579160.0 1334417176.0 8718794216.0 11324014296.0 9098727760.0 8506387240.0 7756897904.0 8668118440.0 473872416.0 6402399104.0 5061512680.0 6349971240.0 9207357216.0 940062600.0 2549961920.0 1946569768.0 9407095248.0 13335815648.0 6644456800.0 2842560616.0 13417489904.0 11432778528.0 12318661176.0 11861096656.0 10708087976.0 9535132448.0 516731184.0 3081114136.0 863779384.0 3916051456.0 8198828408.0 11572945568.0 4681848688.0 5801432920.0 4771744280.0 8894272568.0 6704566896.0 2473409152.0 10873458128.0 8236835240.0 5800624264.0 7875500784.0 2700776264.0 5412469384.0 5656413944.0 5530263608.0 
95239592.0 39693248.0 2245693912.0 1685510848.0 823392864.0 7502386920.0 2636333560.0 34973624.0 10986316544.0 1090354160.0 5496667736.0 11258723560.0 9055506264.0 9441668320.0 7058016168.0 4077513104.0 -396445027552.0 217586768.0 2080991136.0 2502731896.0 9864619240.0 2303539560.0 12044843496.0 10184706560.0 11288977560.0 1198179416.0 7828646056.0 10167885336.0 8169790160.0 7637924840.0 6964954864.0 7783144040.0 425492256.0 5748744064.0 4544755880.0 5701668840.0 8267329056.0 844086600.0 2289622720.0 1747834088.0 8446674768.0 11974291168.0 5966088800.0 2552348456.0 12047626864.0 10265545248.0 11060983416.0 10650134096.0 9614842216.0 8561639968.0 463975344.0 2766546776.0 775591544.0 3516240896.0 7361766328.0 10391401888.0 4203853808.0 5209133720.0 4284571480.0 7986208888.0 6020061936.0 2220885632.0 9763328848.0 7395892840.0 5208407624.0 7071448944.0 2425039624.0 4859881544.0 5078920504.0 4965649528.0 
5660104.0 2358976.0 133461944.0 100170176.0 48934368.0 445868040.0 156677720.0 2078488.0 652918528.0 64799920.0 326667832.0 669107720.0 538170168.0 561119840.0 419459016.0 242327248.0 217586768.0 -23765446176.0 123673632.0 148737752.0 586255880.0 136899720.0 715826952.0 605278720.0 670905720.0 71207992.0 465257672.0 604279032.0 485531920.0 453923080.0 413928368.0 462553480.0 25287072.0 341648768.0 270095560.0 338851080.0 491328672.0 50164200.0 136072640.0 103874056.0 501987216.0 711634016.0 354565600.0 151686472.0 715992368.0 610082976.0 657355992.0 632939152.0 571411592.0 508819616.0 27574128.0 164416312.0 46093528.0 208970752.0 437510936.0 617562656.0 249835696.0 309579640.0 254632760.0 474621656.0 357773232.0 131987584.0 580236176.0 439539080.0 309536488.0 420257328.0 144120488.0 288823528.0 301841048.0 295109336.0 
54133008.0 22561152.0 1276424688.0 958023552.0 468006336.0 4264264080.0 1498459440.0 19878576.0 6244486656.0 619743840.0 3124238064.0 6399319440.0 5147037936.0 5366527680.0 4011689232.0 2317608096.0 2080991136.0 123673632.0 -226232639520.0 1422521904.0 5606927760.0 1309303440.0 6846140304.0 5788861440.0 6416515440.0 681030384.0 4449705744.0 5779300464.0 4643607840.0 4341302160.0 3958794336.0 4423842960.0 241844544.0 3267515136.0 2583183120.0 3240758160.0 4699047744.0 479768400.0 1301393280.0 993447312.0 4800985632.0 6806039232.0 3391051200.0 1450723344.0 6847722336.0 5834809152.0 6286926384.0 6053404704.0 5464957584.0 4866330432.0 263717856.0 1572471024.0 440836656.0 1998587904.0 4184337072.0 5906344512.0 2389418592.0 2960807280.0 2435297520.0 4539262512.0 3421728864.0 1262323968.0 5549355552.0 4203734160.0 2960394576.0 4019324256.0 1378362576.0 2762296656.0 2886795696.0 2822413872.0 
65103788.0 27133472.0 1535109268.0 1152179872.0 562854096.0 5128474380.0 1802142340.0 23907236.0 7510015616.0 745343240.0 3757406804.0 7696227340.0 6190154196.0 6454126480.0 4824711852.0 2787302456.0 2502731896.0 148737752.0 1422521904.0 -271793424580.0 6743246860.0 1574651340.0 8233602444.0 6962051840.0 7716908340.0 819050324.0 5351498284.0 6950553204.0 5584697240.0 5221125260.0 4761097096.0 5320394060.0 290857584.0 3929720896.0 3106699820.0 3897541260.0 5651372784.0 576999900.0 1565138080.0 1194782732.0 5773969752.0 8185374352.0 4078293200.0 1744731884.0 8235505096.0 7017311472.0 7561056324.0 7280208344.0 6572504524.0 5852557552.0 317163816.0 1891153364.0 530178116.0 2403628544.0 5032349092.0 7103344432.0 2873666312.0 3560854580.0 2928843220.0 5459204932.0 4115188104.0 1518150848.0 6674006872.0 5055677260.0 3560358236.0 4833894216.0 1657706236.0 3322113116.0 3471843556.0 3394413892.0 
256609220.0 106947680.0 6050695420.0 4541363680.0 2218512240.0 20214089700.0 7103217100.0 94231340.0 29601031040.0 2937800600.0 14809971260.0 30334992100.0 24398743740.0 25439201200.0 19016797380.0 10986265640.0 9864619240.0 586255880.0 5606927760.0 6743246860.0 -1051449268660.0 6206552100.0 32453077860.0 27441209600.0 30416507100.0 3228320060.0 21093147460.0 27395887260.0 22012310600.0 20579276900.0 18766057240.0 20970548900.0 1146426960.0 15489154240.0 12245183300.0 15362316900.0 22275114960.0 2274268500.0 6169055200.0 4709284580.0 22758335880.0 32262984880.0 16074758000.0 6876931460.0 32460577240.0 27659017680.0 29802210060.0 28695236360.0 25905793060.0 23068092880.0 1250114040.0 7454057660.0 2089718540.0 9473999360.0 19835207980.0 27998120080.0 11326672280.0 14035252700.0 11544154300.0 21517677580.0 16220180760.0 5983853120.0 26305868680.0 19927156900.0 14033296340.0 19052990040.0 6533916340.0 13094243540.0 13684412140.0 13379219980.0 
59922180.0 24973920.0 1412929980.0 1060477920.0 518056560.0 4720299300.0 1658709900.0 22004460.0 6912293760.0 686021400.0 3458354940.0 7083684900.0 5697480060.0 5940442800.0 4440713220.0 2565461160.0 2303539560.0 136899720.0 1309303440.0 1574651340.0 6206552100.0 -250286722740.0 7578290340.0 6407942400.0 7102719900.0 753862140.0 4925572740.0 6397358940.0 5140211400.0 4805576100.0 4382161560.0 4896944100.0 267708240.0 3616954560.0 2859437700.0 3587336100.0 5201580240.0 531076500.0 1440568800.0 1099690020.0 5314419720.0 7533900720.0 3753702000.0 1605868740.0 7580041560.0 6458803920.0 6959272140.0 6700776840.0 6049399140.0 5386752720.0 291920760.0 1740636540.0 487981260.0 2212323840.0 4631824620.0 6537989520.0 2644951320.0 3277446300.0 2695736700.0 5024707020.0 3787660440.0 1397321280.0 6142822920.0 4653296100.0 3276989460.0 4449164760.0 1525769460.0 3057706260.0 3195519660.0 3124252620.0 
313323588.0 130584672.0 7387987068.0 5545071072.0 2708835696.0 24681697380.0 8673131340.0 115057836.0 36143289216.0 3587097240.0 18083190204.0 37039466340.0 29791220796.0 31061634480.0 23219786052.0 13414390056.0 12044843496.0 715826952.0 6846140304.0 8233602444.0 32453077860.0 7578290340.0 -1276662240180.0 33506115840.0 37138997340.0 3941825724.0 25755039684.0 33450776604.0 26877351240.0 25127596260.0 22913628696.0 25605345060.0 1399803984.0 18912482496.0 14951546820.0 18757612260.0 27198239184.0 2776914900.0 7532506080.0 5750104932.0 27788258952.0 39393573552.0 19627513200.0 8396833284.0 39634836696.0 33772062672.0 36388931724.0 35037300744.0 31631349924.0 28166476752.0 1526407416.0 9101512764.0 2551576716.0 11567890944.0 24219077292.0 34186111632.0 13830031512.0 17137247580.0 14095580220.0 26273397132.0 19805076504.0 7306371648.0 32119848072.0 24331348260.0 17134858836.0 23263977816.0 7978006836.0 15988261716.0 16708866156.0 16336222092.0 
264935680.0 110417920.0 6247028480.0 4688721920.0 2290498560.0 20869996800.0 7333702400.0 97288960.0 30561525760.0 3033126400.0 15290525440.0 31319302400.0 25190434560.0 26264652800.0 19633854720.0 11342748160.0 10184706560.0 605278720.0 5788861440.0 6962051840.0 27441209600.0 6407942400.0 33506115840.0 -1084676298240.0 31403462400.0 3333072640.0 21777578240.0 28284829440.0 22726566400.0 21247033600.0 19374978560.0 21651001600.0 1183626240.0 15991746560.0 12642515200.0 15860793600.0 22997898240.0 2348064000.0 6369228800.0 4862091520.0 23496798720.0 33309854720.0 16596352000.0 7100074240.0 33513858560.0 28556497920.0 30769232640.0 29626339840.0 26746384640.0 23816606720.0 1290677760.0 7695927040.0 2157525760.0 9781411840.0 20478821120.0 28906603520.0 11694200320.0 14490668800.0 11918739200.0 22215883520.0 16746493440.0 6178017280.0 27159441920.0 20573753600.0 14488648960.0 19671221760.0 6745928960.0 13519125760.0 14128444160.0 13813349120.0 
293661180.0 122389920.0 6924358980.0 5197093920.0 2538844560.0 23132814300.0 8128854900.0 107837460.0 33875141760.0 3361991400.0 16948391940.0 34715079900.0 27921693060.0 29112382800.0 21762644220.0 12572579160.0 11288977560.0 670905720.0 6416515440.0 7716908340.0 30416507100.0 7102719900.0 37138997340.0 31403462400.0 -1198876804740.0 3694459140.0 24138799740.0 31351595940.0 25190681400.0 23550731100.0 21475699560.0 23998499100.0 1311960240.0 17725642560.0 14013272700.0 17580491100.0 25491432240.0 2602651500.0 7059808800.0 5389261020.0 26044425720.0 36921456720.0 18395802000.0 7869895740.0 37147579560.0 31652719920.0 34105369140.0 32838558840.0 29646346140.0 26398908720.0 1430618760.0 8530353540.0 2391454260.0 10841955840.0 22699225620.0 32040785520.0 12962137320.0 16061811300.0 13211021700.0 24624628020.0 18562222440.0 6847865280.0 30104188920.0 22804451100.0 16059572460.0 21804062760.0 7477352460.0 14984929260.0 15660312660.0 15311053620.0 
31168348.0 12990112.0 734931428.0 551604512.0 269465616.0 2455249980.0 862773140.0 11445556.0 3595409536.0 356832040.0 1798853284.0 3684558140.0 2963527716.0 3089904080.0 2309824092.0 1334417176.0 1198179416.0 71207992.0 681030384.0 819050324.0 3228320060.0 753862140.0 3941825724.0 3333072640.0 3694459140.0 -130547655300.0 2562022364.0 3327567684.0 2673666040.0 2499606460.0 2279368616.0 2547131260.0 139247664.0 1881348416.0 1487328220.0 1865942460.0 2705586864.0 276237900.0 749307680.0 572000572.0 2764279992.0 3918736592.0 1952477200.0 835287964.0 3942736616.0 3359528112.0 3619845204.0 3485389624.0 3146577404.0 2801903792.0 151841736.0 905387044.0 253822036.0 1150733824.0 2409230132.0 3400716272.0 1375763752.0 1704754180.0 1402179620.0 2613586772.0 1970140584.0 726812608.0 3195171512.0 2420398460.0 1704516556.0 2314220136.0 793624556.0 1590457036.0 1662140276.0 1625070932.0 
203647268.0 84874592.0 4801883548.0 3604064992.0 1760630256.0 16042074180.0 5637173740.0 74782796.0 23491630976.0 2331463640.0 11753319644.0 24074108740.0 19363051356.0 20188767280.0 15091892772.0 8718794216.0 7828646056.0 465257672.0 4449705744.0 5351498284.0 21093147460.0 4925572740.0 25755039684.0 21777578240.0 24138799740.0 2562022364.0 -838792562740.0 21741610044.0 17469157640.0 16331889860.0 14892903256.0 16642406660.0 909814224.0 12292325056.0 9717882020.0 12191665860.0 17677721424.0 1804878900.0 4895814880.0 3737328452.0 18061209672.0 25604180272.0 12757065200.0 5457591524.0 25760991256.0 21950432592.0 23651288364.0 22772784584.0 20559058564.0 18307035472.0 992101176.0 5915603804.0 1658418476.0 7518646784.0 15741390412.0 22219547152.0 8988943832.0 11138496380.0 9161539420.0 17076612652.0 12872473944.0 4748836928.0 20876561992.0 15814361860.0 11136943796.0 15120615576.0 5185371796.0 10391703476.0 10860066316.0 10617863212.0 
264498108.0 110235552.0 6236710788.0 4680977952.0 2286715536.0 20835527580.0 7321589940.0 97128276.0 30511049856.0 3028116840.0 15265271364.0 31267574940.0 25148829636.0 26221273680.0 19601427132.0 11324014296.0 10167885336.0 604279032.0 5779300464.0 6950553204.0 27395887260.0 6397358940.0 33450776604.0 28284829440.0 31351595940.0 3327567684.0 21741610044.0 -1082931545220.0 22689030840.0 21211941660.0 19342978536.0 21615242460.0 1181671344.0 15965334336.0 12621634620.0 15834597660.0 22959914544.0 2344185900.0 6358709280.0 4854061212.0 23457991032.0 33254839632.0 16568941200.0 7088347644.0 33458506536.0 28509333552.0 30718413684.0 29577408504.0 26702209884.0 23777270832.0 1288546056.0 7683216324.0 2153962356.0 9765256704.0 20444997972.0 28858860912.0 11674885992.0 14466735780.0 11899054020.0 22179191412.0 16718834664.0 6167813568.0 27114584952.0 20539773660.0 14464719276.0 19638732456.0 6734787276.0 13496797356.0 14105109396.0 13790534772.0 
212521480.0 88573120.0 5011132280.0 3761117120.0 1837352160.0 16741129800.0 5882821400.0 78041560.0 24515311360.0 2433060400.0 12265486840.0 25123171400.0 20206823160.0 21068520800.0 15749542920.0 9098727760.0 8169790160.0 485531920.0 4643607840.0 5584697240.0 22012310600.0 5140211400.0 26877351240.0 22726566400.0 25190681400.0 2673666040.0 17469157640.0 22689030840.0 -874582868640.0 17043574600.0 15541882160.0 17367622600.0 949460640.0 12827980160.0 10141352200.0 12722934600.0 18448052640.0 1883529000.0 5109156800.0 3900187720.0 18848251920.0 26719917920.0 13312972000.0 5695413640.0 26883562160.0 22906953120.0 24681926040.0 23765140240.0 21454948040.0 19104789920.0 1035333360.0 6173384440.0 1730686360.0 7846282240.0 16427343320.0 23187794720.0 9380649520.0 11623871800.0 9560766200.0 17820749720.0 13433409840.0 4955774080.0 21786287120.0 16503494600.0 11622251560.0 15779517360.0 5411331560.0 10844536360.0 11333308760.0 11080551320.0 
198686020.0 82806880.0 4684900220.0 3516262880.0 1717737840.0 15651257700.0 5499841100.0 72960940.0 22919328640.0 2274664600.0 11466985660.0 23487616100.0 18891329340.0 19696929200.0 14724224580.0 8506387240.0 7637924840.0 453923080.0 4341302160.0 5221125260.0 20579276900.0 4805576100.0 25127596260.0 21247033600.0 23550731100.0 2499606460.0 16331889860.0 21211941660.0 17043574600.0 -818755803060.0 14530082840.0 16236964900.0 887649360.0 11992859840.0 9481135300.0 11894652900.0 17247057360.0 1760908500.0 4776543200.0 3646279780.0 17621203080.0 24980412080.0 12446278000.0 5324633860.0 25133402840.0 21415676880.0 23075096460.0 22217994760.0 20058199460.0 17861040080.0 967931640.0 5771488060.0 1618016140.0 7335477760.0 15357899180.0 21678235280.0 8769955480.0 10867140700.0 8938346300.0 16660592780.0 12558875160.0 4633145920.0 20367967880.0 15429092900.0 10865625940.0 14752247640.0 5059045940.0 10138541140.0 10595493740.0 10359191180.0 
181179992.0 75510848.0 4272118312.0 3206448448.0 1566389664.0 14272240920.0 5015255560.0 66532424.0 20899929344.0 2074246160.0 10456640936.0 21418145560.0 17226833064.0 17961452320.0 13426887768.0 7756897904.0 6964954864.0 413928368.0 3958794336.0 4761097096.0 18766057240.0 4382161560.0 22913628696.0 19374978560.0 21475699560.0 2279368616.0 14892903256.0 19342978536.0 15541882160.0 14530082840.0 -747896273152.0 14806342040.0 809439456.0 10936180864.0 8645761880.0 10846626840.0 15727436256.0 1605756600.0 4355686720.0 3325009688.0 16068616368.0 22779412768.0 11349648800.0 4855485656.0 22918923664.0 19528762848.0 21041972616.0 20260389296.0 18290891416.0 16287321568.0 882648144.0 5262967976.0 1475454344.0 6689156096.0 14004729928.0 19768187488.0 7997243408.0 9909647720.0 8150797480.0 15192644488.0 11452325136.0 4224924032.0 18573366448.0 14069650840.0 9908266424.0 13452441744.0 4613298424.0 9245244344.0 9661935304.0 9446453128.0 
202463620.0 84381280.0 4773973820.0 3583117280.0 1750397040.0 15948833700.0 5604409100.0 74348140.0 23355091840.0 2317912600.0 11685006460.0 23934184100.0 19250508540.0 20071425200.0 15004174980.0 8668118440.0 7783144040.0 462553480.0 4423842960.0 5320394060.0 20970548900.0 4896944100.0 25605345060.0 21651001600.0 23998499100.0 2547131260.0 16642406660.0 21615242460.0 17367622600.0 16236964900.0 14806342040.0 -834014023860.0 904526160.0 12220879040.0 9661399300.0 12120804900.0 17574974160.0 1794388500.0 4867359200.0 3715606180.0 17956233480.0 25455362480.0 12682918000.0 5425870660.0 25611262040.0 21822851280.0 23513821260.0 22640423560.0 20439564260.0 18200630480.0 986334840.0 5881220860.0 1648779340.0 7474946560.0 15649897580.0 22090401680.0 8936697880.0 11073756700.0 9108290300.0 16977359180.0 12797655960.0 4721235520.0 20755222280.0 15722444900.0 11072213140.0 15032730840.0 5155233140.0 10331304340.0 10796944940.0 10556149580.0 
11068368.0 4612992.0 260985648.0 195883392.0 95691456.0 871897680.0 306384240.0 4064496.0 1276786176.0 126716640.0 638800944.0 1308444240.0 1052395056.0 1097273280.0 820254672.0 473872416.0 425492256.0 25287072.0 241844544.0 290857584.0 1146426960.0 267708240.0 1399803984.0 1183626240.0 1311960240.0 139247664.0 909814224.0 1181671344.0 949460640.0 887649360.0 809439456.0 904526160.0 -46449313440.0 668096256.0 528173520.0 662625360.0 960796224.0 98096400.0 266090880.0 203126352.0 981639072.0 1391604672.0 693355200.0 296623824.0 1400127456.0 1193020992.0 1285463664.0 1237716384.0 1117398864.0 994999872.0 53921376.0 321517104.0 90136176.0 408643584.0 855555312.0 1207647552.0 488555232.0 605384880.0 497935920.0 928125552.0 699627744.0 258102528.0 1134655392.0 859521360.0 605300496.0 821815776.0 281828496.0 564796176.0 590252016.0 577088112.0 
149542592.0 62325248.0 3526126912.0 2646542848.0 1292868864.0 11780041920.0 4139498560.0 54914624.0 17250412544.0 1712044160.0 8630716736.0 17678138560.0 14218707264.0 14825048320.0 11082303168.0 6402399104.0 5748744064.0 341648768.0 3267515136.0 3929720896.0 15489154240.0 3616954560.0 18912482496.0 15991746560.0 17725642560.0 1881348416.0 12292325056.0 15965334336.0 12827980160.0 11992859840.0 10936180864.0 12220879040.0 668096256.0 -619209319552.0 7136050880.0 8952603840.0 12981133056.0 1325361600.0 3595102720.0 2744401088.0 13262736768.0 18801703168.0 9367788800.0 4007627456.0 18916852864.0 16118677248.0 17367652416.0 16722548096.0 15096961216.0 13443251968.0 728521344.0 4343955776.0 1217812544.0 5521104896.0 11559243328.0 16316293888.0 6600775808.0 8179238720.0 6727516480.0 12539725888.0 9452535936.0 3487173632.0 15330110848.0 11612827840.0 8178098624.0 11103394944.0 3807730624.0 7630852544.0 7974781504.0 7796926528.0 
118223140.0 49272160.0 2787632540.0 2092264160.0 1022096880.0 9312888900.0 3272542700.0 43413580.0 13637572480.0 1353482200.0 6823142620.0 13975717700.0 11240812380.0 11720164400.0 8761281060.0 5061512680.0 4544755880.0 270095560.0 2583183120.0 3106699820.0 12245183300.0 2859437700.0 14951546820.0 12642515200.0 14013272700.0 1487328220.0 9717882020.0 12621634620.0 10141352200.0 9481135300.0 8645761880.0 9661399300.0 528173520.0 7136050880.0 -491019757620.0 7077615300.0 10262429520.0 1047784500.0 2842162400.0 2169627460.0 10485055560.0 14863968560.0 7405846000.0 3168290020.0 14955001880.0 12742862160.0 13730258220.0 13220261320.0 11935129220.0 10627764560.0 575943480.0 3434179420.0 962759980.0 4364792320.0 9138333260.0 12899090960.0 5218342360.0 6466219900.0 5318539100.0 9913468460.0 7472844120.0 2756837440.0 12119449160.0 9180695300.0 6465318580.0 8777955480.0 3010258580.0 6032684980.0 6304583180.0 6163977260.0 
148318020.0 61814880.0 3497252220.0 2624870880.0 1282281840.0 11683577700.0 4105601100.0 54464940.0 17109152640.0 1698024600.0 8560041660.0 17533376100.0 14102273340.0 14703649200.0 10991552580.0 6349971240.0 5701668840.0 338851080.0 3240758160.0 3897541260.0 15362316900.0 3587336100.0 18757612260.0 15860793600.0 17580491100.0 1865942460.0 12191665860.0 15834597660.0 12722934600.0 11894652900.0 10846626840.0 12120804900.0 662625360.0 8952603840.0 7077615300.0 -614212059060.0 12874833360.0 1314508500.0 3565663200.0 2721927780.0 13154131080.0 18647740080.0 9291078000.0 3974809860.0 18761946840.0 15986684880.0 17225432460.0 16585610760.0 14973335460.0 13333168080.0 722555640.0 4308384060.0 1207840140.0 5475893760.0 11464587180.0 16182683280.0 6546723480.0 8112260700.0 6672426300.0 12437040780.0 9375131160.0 3458617920.0 15204575880.0 11517732900.0 8111129940.0 11012471640.0 3776549940.0 7568365140.0 7909477740.0 7733079180.0 
215058768.0 89630592.0 5070960048.0 3806020992.0 1859288256.0 16941001680.0 5953056240.0 78973296.0 24807998976.0 2462108640.0 12411924144.0 25423116240.0 20448071856.0 21320057280.0 15937576272.0 9207357216.0 8267329056.0 491328672.0 4699047744.0 5651372784.0 22275114960.0 5201580240.0 27198239184.0 22997898240.0 25491432240.0 2705586864.0 17677721424.0 22959914544.0 18448052640.0 17247057360.0 15727436256.0 17574974160.0 960796224.0 12981133056.0 10262429520.0 12874833360.0 -884804238240.0 1906016400.0 5170154880.0 3946751952.0 19073280672.0 27038926272.0 13471915200.0 5763411024.0 27204524256.0 23180438592.0 24976602864.0 24048871584.0 21711098064.0 19332881472.0 1047694176.0 6247088304.0 1751348976.0 7939958784.0 16623468912.0 23464633152.0 9492644832.0 11762648880.0 9674911920.0 18033511152.0 13593790944.0 5014940928.0 22046392992.0 16700529360.0 11761009296.0 15967908576.0 5475937296.0 10974008976.0 11468616816.0 11212841712.0 
21957300.0 9151200.0 517740300.0 388591200.0 189831600.0 1729660500.0 607801500.0 8063100.0 2532873600.0 251379000.0 1267245900.0 2595676500.0 2087729100.0 2176758000.0 1627211700.0 940062600.0 844086600.0 50164200.0 479768400.0 576999900.0 2274268500.0 531076500.0 2776914900.0 2348064000.0 2602651500.0 276237900.0 1804878900.0 2344185900.0 1883529000.0 1760908500.0 1605756600.0 1794388500.0 98096400.0 1325361600.0 1047784500.0 1314508500.0 1906016400.0 -92049102900.0 527868000.0 402959700.0 1947364200.0 2760649200.0 1375470000.0 588438900.0 2777556600.0 2366701200.0 2550087900.0 2455367400.0 2216682900.0 1973869200.0 106968600.0 637821900.0 178811100.0 810662400.0 1697240700.0 2395717200.0 969190200.0 1200955500.0 987799500.0 1841204700.0 1387913400.0 512020800.0 2250916200.0 1705108500.0 1200788100.0 1630308600.0 559088100.0 1120436100.0 1170935100.0 1144820700.0 
59560160.0 24823040.0 1404393760.0 1054071040.0 514926720.0 4691781600.0 1648688800.0 21871520.0 6870533120.0 681876800.0 3437461280.0 7040888800.0 5663058720.0 5904553600.0 4413884640.0 2549961920.0 2289622720.0 136072640.0 1301393280.0 1565138080.0 6169055200.0 1440568800.0 7532506080.0 6369228800.0 7059808800.0 749307680.0 4895814880.0 6358709280.0 5109156800.0 4776543200.0 4355686720.0 4867359200.0 266090880.0 3595102720.0 2842162400.0 3565663200.0 5170154880.0 527868000.0 -248783318080.0 1093046240.0 5282312640.0 7488384640.0 3731024000.0 1596166880.0 7534246720.0 6419783040.0 6917227680.0 6660294080.0 6012851680.0 5354208640.0 290157120.0 1730120480.0 485033120.0 2198958080.0 4603841440.0 6498490240.0 2628971840.0 3257645600.0 2679450400.0 4994350240.0 3764777280.0 1388879360.0 6105711040.0 4625183200.0 3257191520.0 4422285120.0 1516551520.0 3039233120.0 3176213920.0 3105377440.0 
45466564.0 18949216.0 1072075004.0 804648416.0 393080688.0 3581575140.0 1258563020.0 16696108.0 5244773248.0 520525720.0 2624062012.0 5374818020.0 4323020988.0 4507371440.0 3369436356.0 1946569768.0 1747834088.0 103874056.0 993447312.0 1194782732.0 4709284580.0 1099690020.0 5750104932.0 4862091520.0 5389261020.0 572000572.0 3737328452.0 4854061212.0 3900187720.0 3646279780.0 3325009688.0 3715606180.0 203126352.0 2744401088.0 2169627460.0 2721927780.0 3946751952.0 402959700.0 1093046240.0 -190172887476.0 4032370056.0 5716423856.0 2848159600.0 1218469252.0 5751433688.0 4900683216.0 5280418572.0 5084282632.0 4590043172.0 4087253456.0 221497848.0 1320725692.0 370260748.0 1678623232.0 3514444076.0 4960766096.0 2006883736.0 2486795740.0 2045417660.0 3812547596.0 2873925912.0 1060231744.0 4660929416.0 3530735780.0 2486449108.0 3375849048.0 1157693108.0 2320065748.0 2424633068.0 2370558476.0 
219724104.0 91574976.0 5180965944.0 3888586176.0 1899622368.0 17308508040.0 6082197720.0 80686488.0 25346166528.0 2515519920.0 12681179832.0 25974627720.0 20891658168.0 21782559840.0 16283315016.0 9407095248.0 8446674768.0 501987216.0 4800985632.0 5773969752.0 22758335880.0 5314419720.0 27788258952.0 23496798720.0 26044425720.0 2764279992.0 18061209672.0 23457991032.0 18848251920.0 17621203080.0 16068616368.0 17956233480.0 981639072.0 13262736768.0 10485055560.0 13154131080.0 19073280672.0 1947364200.0 5282312640.0 4032370056.0 -903584806176.0 27625490016.0 13764165600.0 5888438472.0 27794680368.0 23683298976.0 25518427992.0 24570571152.0 22182083592.0 19752275616.0 1070422128.0 6382608312.0 1789341528.0 8112202752.0 16984086936.0 23973658656.0 9698571696.0 12017819640.0 9884792760.0 18424717656.0 13888685232.0 5123731584.0 22524652176.0 17062819080.0 12016144488.0 16314305328.0 5594728488.0 11212071528.0 11717409048.0 11456085336.0 
311488304.0 129819776.0 7344712144.0 5512590976.0 2692968768.0 24537125040.0 8622328720.0 114383888.0 35931580928.0 3566085920.0 17977268432.0 36822508720.0 29616719568.0 30879691840.0 23083776816.0 13335815648.0 11974291168.0 711634016.0 6806039232.0 8185374352.0 32262984880.0 7533900720.0 39393573552.0 33309854720.0 36921456720.0 3918736592.0 25604180272.0 33254839632.0 26719917920.0 24980412080.0 22779412768.0 25455362480.0 1391604672.0 18801703168.0 14863968560.0 18647740080.0 27038926272.0 2760649200.0 7488384640.0 5716423856.0 27625490016.0 -1269414974176.0 19512545600.0 8347649072.0 39402676768.0 33574243776.0 36175784592.0 34832070752.0 31446070192.0 28001492416.0 1517466528.0 9048200912.0 2536630928.0 11500132352.0 24077214736.0 33985867456.0 13749022496.0 17036866640.0 14013015760.0 26119501456.0 19689068832.0 7263574784.0 31931706976.0 24188828080.0 17034491888.0 23127709728.0 7931275888.0 15894610928.0 16610994448.0 16240533136.0 
155196400.0 64681600.0 3659440400.0 2746601600.0 1341748800.0 12225414000.0 4296002000.0 56990800.0 17902604800.0 1776772000.0 8957021200.0 18346502000.0 14756278800.0 15385544000.0 11501295600.0 6644456800.0 5966088800.0 354565600.0 3391051200.0 4078293200.0 16074758000.0 3753702000.0 19627513200.0 16596352000.0 18395802000.0 1952477200.0 12757065200.0 16568941200.0 13312972000.0 12446278000.0 11349648800.0 12682918000.0 693355200.0 9367788800.0 7405846000.0 9291078000.0 13471915200.0 1375470000.0 3731024000.0 2848159600.0 13764165600.0 19512545600.0 -642265807200.0 4159145200.0 19632048800.0 16728081600.0 18024277200.0 17354783200.0 15667737200.0 13951505600.0 756064800.0 4508189200.0 1263854800.0 5729843200.0 11996267600.0 16933169600.0 6850333600.0 8488474000.0 6981866000.0 13013819600.0 9809911200.0 3619014400.0 15909701600.0 12051878000.0 8487290800.0 11523184800.0 3951690800.0 7919354800.0 8276286800.0 8091707600.0 
