-658031095268.0 4243187408.0 14127065996.0 6816104428.0 330925084.0 20454775336.0 26967843536.0 32907829756.0 331945408.0 21647193984.0 18524662436.0 15334449396.0 25129899904.0 18102928516.0 12034721580.0 2410345396.0 31086891524.0 17865533132.0 1678092872.0 6935142228.0 3945933016.0 7077307372.0 28691850988.0 22376725644.0 10903862480.0 22429102276.0 20431988100.0 9105371376.0 24028970308.0 24547975116.0 14904212776.0 26414147712.0 18873613244.0 33459144824.0 16041874036.0 25061878304.0 15216091812.0 2375994488.0 23181761280.0 32033752196.0 
4243187408.0 -100173397088.0 2072862448.0 1000126064.0 48556592.0 3001326368.0 3956987968.0 4828561328.0 48706304.0 3176289792.0 2718121168.0 2250021648.0 3687306752.0 2656240208.0 1765853040.0 353669648.0 4561375312.0 2621407216.0 246226336.0 1017592464.0 578986208.0 1038452336.0 4209951344.0 3283333872.0 1599922240.0 3291019088.0 2997982800.0 1336029888.0 3525767504.0 3601921008.0 2186893088.0 3875744256.0 2769322672.0 4909455712.0 2353821968.0 3677325952.0 2232655056.0 348629344.0 3401456640.0 4700308048.0 
14127065996.0 2072862448.0 -328684108628.0 3329772068.0 161662004.0 9992473016.0 13174207216.0 16075982036.0 162160448.0 10574987904.0 9049583116.0 7491114876.0 12276343424.0 8843559596.0 5879146980.0 1177490876.0 15186425644.0 8727588292.0 819774232.0 3387923868.0 1927649096.0 3457373732.0 14016411428.0 10931375364.0 5326704880.0 10956962156.0 9981341100.0 4448114256.0 11738522348.0 11992064196.0 7280937656.0 12903718272.0 9220050964.0 16345307944.0 7836702716.0 12243113824.0 7433295372.0 1160709928.0 11324647680.0 15648981676.0 
6816104428.0 1000126064.0 3329772068.0 -160308520148.0 77999572.0 4821223288.0 6356363888.0 7756428148.0 78240064.0 5102278272.0 4366292588.0 3614354268.0 5923157632.0 4266889228.0 2836603140.0 568122268.0 7327230092.0 4210934756.0 395529176.0 1634624124.0 930062728.0 1668132676.0 6762715204.0 5274230052.0 2570057840.0 5286575308.0 4815852300.0 2146150608.0 5663666764.0 5785997028.0 3512946808.0 6225856896.0 4448540852.0 7886373992.0 3781095388.0 5907124832.0 3586457196.0 560025704.0 5463978240.0 7550406668.0 
330925084.0 48556592.0 161662004.0 77999572.0 -7857266900.0 234072664.0 308604464.0 376578244.0 3798592.0 247718016.0 211985564.0 175478604.0 287572096.0 207159484.0 137718420.0 27582604.0 355740476.0 204442868.0 19203128.0 79361772.0 45154984.0 80988628.0 328333012.0 256066356.0 124777520.0 256665724.0 233811900.0 104196624.0 274973692.0 280912884.0 170555224.0 302268288.0 215978756.0 382887176.0 183573964.0 286793696.0 174124188.0 27189512.0 265278720.0 366575804.0 
20454775336.0 3001326368.0 9992473016.0 4821223288.0 234072664.0 -471430524608.0 19075117856.0 23276637976.0 234794368.0 15311672064.0 13103017256.0 10846489416.0 17775088384.0 12804712936.0 8512498680.0 1704905416.0 21988636904.0 12636796472.0 1186962512.0 4905422088.0 2791069936.0 5005979512.0 20294557048.0 15827690424.0 7712610080.0 15864737896.0 14452122600.0 6440486496.0 16996369768.0 17363476536.0 10542170896.0 18683473152.0 13349840024.0 23666598704.0 11346870856.0 17726974784.0 10762771752.0 1680608048.0 16397114880.0 22658378216.0 
26967843536.0 3956987968.0 13174207216.0 6356363888.0 308604464.0 19075117856.0 -615466407008.0 30688224176.0 309555968.0 20187108864.0 17275189456.0 14300153616.0 23434909184.0 16881901136.0 11222989680.0 2247769616.0 28990106704.0 16660517872.0 1564906912.0 6467372688.0 3679783136.0 6599948912.0 26756609648.0 20867434224.0 10168406080.0 20916278096.0 19053867600.0 8491221696.0 22408236368.0 22892234736.0 13898936096.0 24632535552.0 17600603824.0 31202353504.0 14959863056.0 23371475584.0 14189779152.0 2215735648.0 21618170880.0 29873102416.0 
32907829756.0 4828561328.0 16075982036.0 7756428148.0 376578244.0 23276637976.0 30688224176.0 -744270712148.0 377739328.0 24633558144.0 21080254076.0 17449931436.0 28596724864.0 20600339356.0 13694985780.0 2742867436.0 35375520284.0 20330193812.0 1909596152.0 7891887948.0 4490298856.0 8053665652.0 32650069108.0 25463733204.0 12408117680.0 25523335516.0 23250707100.0 10361513616.0 27343915228.0 27934519956.0 16960341016.0 30058142592.0 21477344804.0 38075040584.0 18254949676.0 28519319264.0 17315245692.0 2703777608.0 26379828480.0 36453006236.0 
331945408.0 48706304.0 162160448.0 78240064.0 3798592.0 234794368.0 309555968.0 377739328.0 -7881481088.0 248481792.0 212639168.0 176019648.0 288458752.0 207798208.0 138143040.0 27667648.0 356837312.0 205073216.0 19262336.0 79606464.0 45294208.0 81238336.0 329345344.0 256855872.0 125162240.0 257457088.0 234532800.0 104517888.0 275821504.0 281779008.0 171081088.0 303200256.0 216644672.0 384067712.0 184139968.0 287677952.0 174661056.0 27273344.0 266096640.0 367706048.0 
21647193984.0 3176289792.0 10574987904.0 5102278272.0 247718016.0 15311672064.0 20187108864.0 24633558144.0 248481792.0 -498020140800.0 13866862464.0 11478789504.0 18811293696.0 13551168384.0 9008737920.0 1804293504.0 23270472576.0 13373463168.0 1256156928.0 5191385472.0 2953776384.0 5297804928.0 21477635712.0 16750371456.0 8162219520.0 16789578624.0 15294614400.0 6815937024.0 17987179392.0 18375686784.0 11156730624.0 19772633088.0 14128073856.0 25046251776.0 12008340864.0 18760375296.0 11390191488.0 1778579712.0 17352990720.0 23979256704.0 
18524662436.0 2718121168.0 9049583116.0 4366292588.0 211985564.0 13103017256.0 17275189456.0 21080254076.0 212639168.0 13866862464.0 -428182734308.0 9823014516.0 16097830784.0 11596460036.0 7709259180.0 1544030516.0 19913788804.0 11444388172.0 1074960712.0 4442546388.0 2527704536.0 4533615212.0 18379562348.0 14334189324.0 6984848080.0 14367740996.0 13088420100.0 5832762096.0 15392592068.0 15725058636.0 9547411496.0 16920500352.0 12090148924.0 21433418104.0 10276179956.0 16054257184.0 9747196452.0 1522025848.0 14849882880.0 20520333316.0 
15334449396.0 2250021648.0 7491114876.0 3614354268.0 175478604.0 10846489416.0 14300153616.0 17449931436.0 176019648.0 11478789504.0 9823014516.0 -356135179428.0 13325553024.0 9599382996.0 6381613980.0 1278126276.0 16484348244.0 9473500092.0 889837032.0 3677476068.0 2092397496.0 3752861532.0 15214337628.0 11865635964.0 5781956880.0 11893409556.0 10834406100.0 4828276656.0 12741766548.0 13016977596.0 7903210056.0 14006547072.0 10008051564.0 17742275544.0 8506474116.0 13289483424.0 8068589172.0 1259911128.0 12292519680.0 16986437076.0 
25129899904.0 3687306752.0 12276343424.0 5923157632.0 287572096.0 17775088384.0 23434909184.0 28596724864.0 288458752.0 18811293696.0 16097830784.0 13325553024.0 -575117592320.0 15731346304.0 10458107520.0 2094577024.0 27014339456.0 15525051008.0 1458253568.0 6026600832.0 3428994304.0 6150141568.0 24933062272.0 19445252736.0 9475397120.0 19490767744.0 17755286400.0 7912518144.0 20881044352.0 21332056704.0 12951679744.0 22953750528.0 16401067136.0 29075814656.0 13940301184.0 21778635776.0 13222700928.0 2064726272.0 20144824320.0 27837156224.0 
18102928516.0 2656240208.0 8843559596.0 4266889228.0 207159484.0 12804712936.0 16881901136.0 20600339356.0 207798208.0 13551168384.0 11596460036.0 9599382996.0 15731346304.0 -418698698468.0 7533749580.0 1508878996.0 19460429924.0 11183844332.0 1050488072.0 4341407028.0 2470158616.0 4430402572.0 17961131788.0 14007856044.0 6825830480.0 14040643876.0 12790448100.0 5699972976.0 15042163108.0 15367060716.0 9330054376.0 16535286912.0 11814903644.0 20945463224.0 10042231636.0 15688764704.0 9525291012.0 1487375288.0 14511809280.0 20053165796.0 
12034721580.0 1765853040.0 5879146980.0 2836603140.0 137718420.0 8512498680.0 11222989680.0 13694985780.0 138143040.0 9008737920.0 7709259180.0 6381613980.0 10458107520.0 7533749580.0 -280873816020.0 1003093980.0 12937180620.0 7434954660.0 698358360.0 2886142140.0 1642147080.0 2945305860.0 11940455940.0 9312341220.0 4537772400.0 9334138380.0 8503015500.0 3789308880.0 9999942540.0 10215932580.0 6202565880.0 10992562560.0 7854479220.0 13924422120.0 6676017180.0 10429799520.0 6332358060.0 988798440.0 9647366400.0 13331227980.0 
2410345396.0 353669648.0 1177490876.0 568122268.0 27582604.0 1704905416.0 2247769616.0 2742867436.0 27667648.0 1804293504.0 1544030516.0 1278126276.0 2094577024.0 1508878996.0 1003093980.0 -57056331428.0 2591092244.0 1489092092.0 139869032.0 578044068.0 328893496.0 589893532.0 2391465628.0 1865099964.0 908836880.0 1869465556.0 1703006100.0 758932656.0 2002814548.0 2046073596.0 1242266056.0 2201619072.0 1573115564.0 2788819544.0 1337090116.0 2088907424.0 1268261172.0 198039128.0 1932199680.0 2670013076.0 
31086891524.0 4561375312.0 15186425644.0 7327230092.0 355740476.0 21988636904.0 28990106704.0 35375520284.0 356837312.0 23270472576.0 19913788804.0 16484348244.0 27014339456.0 19460429924.0 12937180620.0 2591092244.0 -705044352740.0 19205232748.0 1803929608.0 7455194292.0 4241830424.0 7608020108.0 30843393932.0 24054710316.0 11721520720.0 24111014564.0 21964140900.0 9788164464.0 25830853412.0 26388777324.0 16021849064.0 28394890368.0 20288906716.0 35968177336.0 17244821204.0 26941217056.0 16357115268.0 2554165432.0 24920113920.0 34435897444.0 
17865533132.0 2621407216.0 8727588292.0 4210934756.0 204442868.0 12636796472.0 16660517872.0 20330193812.0 205073216.0 13373463168.0 11444388172.0 9473500092.0 15525051008.0 11183844332.0 7434954660.0 1489092092.0 19205232748.0 -413354693204.0 1036712344.0 4284475356.0 2437765832.0 4372303844.0 17725595876.0 13824161988.0 6736318960.0 13856519852.0 12622718700.0 5625225552.0 14844905516.0 15165542532.0 9207703352.0 16318449024.0 11659967188.0 20670791848.0 9910541372.0 15483027808.0 9400379724.0 1467870376.0 14321506560.0 19790195692.0 
1678092872.0 246226336.0 819774232.0 395529176.0 19203128.0 1186962512.0 1564906912.0 1909596152.0 19262336.0 1256156928.0 1074960712.0 889837032.0 1458253568.0 1050488072.0 698358360.0 139869032.0 1803929608.0 1036712344.0 -39765355904.0 402436776.0 228977072.0 410686424.0 1664948696.0 1298490648.0 632736160.0 1301529992.0 1185640200.0 528372192.0 1394368136.0 1424485272.0 864870992.0 1532776704.0 1095209848.0 1941588208.0 930887912.0 1454306368.0 882968904.0 137875696.0 1345205760.0 1858874632.0 
6935142228.0 1017592464.0 3387923868.0 1634624124.0 79361772.0 4905422088.0 6467372688.0 7891887948.0 79606464.0 5191385472.0 4442546388.0 3677476068.0 6026600832.0 4341407028.0 2886142140.0 578044068.0 7455194292.0 4284475356.0 402436776.0 -163079632548.0 946305528.0 1697265276.0 6880820604.0 5366340252.0 2614941840.0 5378901108.0 4899957300.0 2183631408.0 5762578164.0 5887044828.0 3574297608.0 6334586496.0 4526231052.0 8024103192.0 3847129188.0 6010288032.0 3649091796.0 569806104.0 5559402240.0 7682268468.0 
3945933016.0 578986208.0 1927649096.0 930062728.0 45154984.0 2791069936.0 3679783136.0 4490298856.0 45294208.0 2953776384.0 2527704536.0 2092397496.0 3428994304.0 2470158616.0 1642147080.0 328893496.0 4241830424.0 2437765832.0 228977072.0 946305528.0 -93196359968.0 965704072.0 3915025288.0 3053321544.0 1487840480.0 3060468376.0 2787960600.0 1242434976.0 3278771608.0 3349590216.0 2033691376.0 3604230912.0 2575319144.0 4565526224.0 2188926136.0 3419712704.0 2076247512.0 324206288.0 3163169280.0 4371030296.0 
7077307372.0 1038452336.0 3457373732.0 1668132676.0 80988628.0 5005979512.0 6599948912.0 8053665652.0 81238336.0 5297804928.0 4533615212.0 3752861532.0 6150141568.0 4430402572.0 2945305860.0 589893532.0 7608020108.0 4372303844.0 410686424.0 1697265276.0 965704072.0 -166387848404.0 7021872196.0 5476346148.0 2668546160.0 5489164492.0 5000402700.0 2228394192.0 5880706636.0 6007724772.0 3647567992.0 6464440704.0 4619015348.0 8188591208.0 3925992412.0 6133494368.0 3723895404.0 581486696.0 5673365760.0 7839749132.0 
28691850988.0 4209951344.0 14016411428.0 6762715204.0 328333012.0 20294557048.0 26756609648.0 32650069108.0 329345344.0 21477635712.0 18379562348.0 15214337628.0 24933062272.0 17961131788.0 11940455940.0 2391465628.0 30843393932.0 17725595876.0 1664948696.0 6880820604.0 3915025288.0 7021872196.0 -653101603028.0 22201453092.0 10818454640.0 22253419468.0 20271948300.0 9034050768.0 23840756044.0 24355695588.0 14787470968.0 26207250816.0 18725779892.0 33197065832.0 15916221148.0 24865573472.0 15096907116.0 2357383784.0 23000183040.0 31782838028.0 
22376725644.0 3283333872.0 10931375364.0 5274230052.0 256066356.0 15827690424.0 20867434224.0 25463733204.0 256855872.0 16750371456.0 14334189324.0 11865635964.0 19445252736.0 14007856044.0 9312341220.0 1865099964.0 24054710316.0 13824161988.0 1298490648.0 5366340252.0 3053321544.0 5476346148.0 22201453092.0 -514239403860.0 8437294320.0 17355403884.0 15810057900.0 7045640784.0 18593364972.0 18994965444.0 11532723384.0 20438990208.0 14604203796.0 25890335016.0 12413033724.0 19392618336.0 11774052108.0 1838519592.0 17937803520.0 24787381164.0 
10903862480.0 1599922240.0 5326704880.0 2570057840.0 124777520.0 7712610080.0 10168406080.0 12408117680.0 125162240.0 8162219520.0 6984848080.0 5781956880.0 9475397120.0 6825830480.0 4537772400.0 908836880.0 11721520720.0 6736318960.0 632736160.0 2614941840.0 1487840480.0 2668546160.0 10818454640.0 8437294320.0 -254907521120.0 8457043280.0 7704018000.0 3433241280.0 9060284240.0 9255978480.0 5619733280.0 9959631360.0 7116422320.0 12615994720.0 6048696080.0 9449749120.0 5737329360.0 895884640.0 8740838400.0 12078540880.0 
22429102276.0 3291019088.0 10956962156.0 5286575308.0 256665724.0 15864737896.0 20916278096.0 25523335516.0 257457088.0 16789578624.0 14367740996.0 11893409556.0 19490767744.0 14040643876.0 9334138380.0 1869465556.0 24111014564.0 13856519852.0 1301529992.0 5378901108.0 3060468376.0 5489164492.0 22253419468.0 17355403884.0 8457043280.0 -515402447588.0 15847064100.0 7062132336.0 18636885988.0 19039426476.0 11559717736.0 20486831232.0 14638387484.0 25950935864.0 12442088596.0 19438010144.0 11801611332.0 1842822968.0 17979790080.0 24845400356.0 
20431988100.0 2997982800.0 9981341100.0 4815852300.0 233811900.0 14452122600.0 19053867600.0 23250707100.0 234532800.0 15294614400.0 13088420100.0 10834406100.0 17755286400.0 12790448100.0 8503015500.0 1703006100.0 21964140900.0 12622718700.0 1185640200.0 4899957300.0 2787960600.0 5000402700.0 20271948300.0 15810057900.0 7704018000.0 15847064100.0 -470921436900.0 6433311600.0 16977435300.0 17344133100.0 10530426600.0 18662659200.0 13334967900.0 23640233400.0 11334230100.0 17707226400.0 10750781700.0 1678735800.0 16378848000.0 22633136100.0 
9105371376.0 1336029888.0 4448114256.0 2146150608.0 104196624.0 6440486496.0 8491221696.0 10361513616.0 104517888.0 6815937024.0 5832762096.0 4828276656.0 7912518144.0 5699972976.0 3789308880.0 758932656.0 9788164464.0 5625225552.0 528372192.0 2183631408.0 1242434976.0 2228394192.0 9034050768.0 7045640784.0 3433241280.0 7062132336.0 6433311600.0 -213429168288.0 7565874288.0 7729290576.0 4692810336.0 8316882432.0 5942634384.0 10535103264.0 5051019696.0 7891100544.0 4791010032.0 748116768.0 7299118080.0 10086297456.0 
24028970308.0 3525767504.0 11738522348.0 5663666764.0 274973692.0 16996369768.0 22408236368.0 27343915228.0 275821504.0 17987179392.0 15392592068.0 12741766548.0 20881044352.0 15042163108.0 9999942540.0 2002814548.0 25830853412.0 14844905516.0 1394368136.0 5762578164.0 3278771608.0 5880706636.0 23840756044.0 18593364972.0 9060284240.0 18636885988.0 16977435300.0 7565874288.0 -550836738788.0 20397508908.0 12384272488.0 21948157056.0 15682543772.0 27802016312.0 13329582868.0 20824523552.0 12643420356.0 1974271544.0 19262288640.0 26617622948.0 
24547975116.0 3601921008.0 11992064196.0 5785997028.0 280912884.0 17363476536.0 22892234736.0 27934519956.0 281779008.0 18375686784.0 15725058636.0 13016977596.0 21332056704.0 15367060716.0 10215932580.0 2046073596.0 26388777324.0 15165542532.0 1424485272.0 5887044828.0 3349590216.0 6007724772.0 24355695588.0 18994965444.0 9255978480.0 19039426476.0 17344133100.0 7729290576.0 20397508908.0 -562293763668.0 12651761976.0 22422218112.0 16021273044.0 28402515624.0 13617490236.0 21274315104.0 12916507212.0 2016914088.0 19678337280.0 27192540396.0 
14904212776.0 2186893088.0 7280937656.0 3512946808.0 170555224.0 10542170896.0 13898936096.0 16960341016.0 171081088.0 11156730624.0 9547411496.0 7903210056.0 12951679744.0 9330054376.0 6202565880.0 1242266056.0 16021849064.0 9207703352.0 864870992.0 3574297608.0 2033691376.0 3647567992.0 14787470968.0 11532723384.0 5619733280.0 11559717736.0 10530426600.0 4692810336.0 12384272488.0 12651761976.0 -346364881088.0 13613567232.0 9727256984.0 17244482864.0 8267809096.0 12916622144.0 7842209832.0 1224561968.0 11947630080.0 16509850856.0 
26414147712.0 3875744256.0 12903718272.0 6225856896.0 302268288.0 18683473152.0 24632535552.0 30058142592.0 303200256.0 19772633088.0 16920500352.0 14006547072.0 22953750528.0 16535286912.0 10992562560.0 2201619072.0 28394890368.0 16318449024.0 1532776704.0 6334586496.0 3604230912.0 6464440704.0 26207250816.0 20438990208.0 9959631360.0 20486831232.0 18662659200.0 8316882432.0 21948157056.0 22422218112.0 13613567232.0 -603335579904.0 17239233408.0 30561715968.0 14652711552.0 22891619328.0 13898438784.0 2170242816.0 21174312960.0 29259756672.0 
18873613244.0 2769322672.0 9220050964.0 4448540852.0 215978756.0 13349840024.0 17600603824.0 21477344804.0 216644672.0 14128073856.0 12090148924.0 10008051564.0 16401067136.0 11814903644.0 7854479220.0 1573115564.0 20288906716.0 11659967188.0 1095209848.0 4526231052.0 2575319144.0 4619015348.0 18725779892.0 14604203796.0 7116422320.0 14638387484.0 13334967900.0 5942634384.0 15682543772.0 16021273044.0 9727256984.0 17239233408.0 -436020709460.0 21837161416.0 10469753324.0 16356672736.0 9930805308.0 1550696392.0 15129611520.0 20906876764.0 
33459144824.0 4909455712.0 16345307944.0 7886373992.0 382887176.0 23666598704.0 31202353504.0 38075040584.0 384067712.0 25046251776.0 21433418104.0 17742275544.0 29075814656.0 20945463224.0 13924422120.0 2788819544.0 35968177336.0 20670791848.0 1941588208.0 8024103192.0 4565526224.0 8188591208.0 33197065832.0 25890335016.0 12615994720.0 25950935864.0 23640233400.0 10535103264.0 27802016312.0 28402515624.0 17244482864.0 30561715968.0 21837161416.0 -756101827040.0 18560780504.0 28997112256.0 17605333368.0 2749074832.0 26821777920.0 37063714744.0 
16041874036.0 2353821968.0 7836702716.0 3781095388.0 183573964.0 11346870856.0 14959863056.0 18254949676.0 184139968.0 12008340864.0 10276179956.0 8506474116.0 13940301184.0 10042231636.0 6676017180.0 1337090116.0 17244821204.0 9910541372.0 930887912.0 3847129188.0 2188926136.0 3925992412.0 15916221148.0 12413033724.0 6048696080.0 12442088596.0 11334230100.0 5051019696.0 13329582868.0 13617490236.0 8267809096.0 14652711552.0 10469753324.0 18560780504.0 -372172345508.0 13902567584.0 8440817652.0 1318034648.0 12859610880.0 17770072916.0 
25061878304.0 3677325952.0 12243113824.0 5907124832.0 286793696.0 17726974784.0 23371475584.0 28519319264.0 287677952.0 18760375296.0 16054257184.0 13289483424.0 21778635776.0 15688764704.0 10429799520.0 2088907424.0 26941217056.0 15483027808.0 1454306368.0 6010288032.0 3419712704.0 6133494368.0 24865573472.0 19392618336.0 9449749120.0 19438010144.0 17707226400.0 7891100544.0 20824523552.0 21274315104.0 12916622144.0 22891619328.0 16356672736.0 28997112256.0 13902567584.0 -573619814720.0 13186909728.0 2059137472.0 20090296320.0 27761806624.0 
15216091812.0 2232655056.0 7433295372.0 3586457196.0 174124188.0 10762771752.0 14189779152.0 17315245692.0 174661056.0 11390191488.0 9747196452.0 8068589172.0 13222700928.0 9525291012.0 6332358060.0 1268261172.0 16357115268.0 9400379724.0 882968904.0 3649091796.0 2076247512.0 3723895404.0 15096907116.0 11774052108.0 5737329360.0 11801611332.0 10750781700.0 4791010032.0 12643420356.0 12916507212.0 7842209832.0 13898438784.0 9930805308.0 17605333368.0 8440817652.0 13186909728.0 -353448658404.0 1250186616.0 12197640960.0 16855328772.0 
2375994488.0 348629344.0 1160709928.0 560025704.0 27189512.0 1680608048.0 2215735648.0 2703777608.0 27273344.0 1778579712.0 1522025848.0 1259911128.0 2064726272.0 1487375288.0 988798440.0 198039128.0 2554165432.0 1467870376.0 137875696.0 569806104.0 324206288.0 581486696.0 2357383784.0 1838519592.0 895884640.0 1842822968.0 1678735800.0 748116768.0 1974271544.0 2016914088.0 1224561968.0 2170242816.0 1550696392.0 2749074832.0 1318034648.0 2059137472.0 1250186616.0 -56246018528.0 1904663040.0 2631961528.0 
23181761280.0 3401456640.0 11324647680.0 5463978240.0 265278720.0 16397114880.0 21618170880.0 26379828480.0 266096640.0 17352990720.0 14849882880.0 12292519680.0 20144824320.0 14511809280.0 9647366400.0 1932199680.0 24920113920.0 14321506560.0 1345205760.0 5559402240.0 3163169280.0 5673365760.0 23000183040.0 17937803520.0 8740838400.0 17979790080.0 16378848000.0 7299118080.0 19262288640.0 19678337280.0 11947630080.0 21174312960.0 15129611520.0 26821777920.0 12859610880.0 20090296320.0 12197640960.0 1904663040.0 -532094584320.0 25679143680.0 
32033752196.0 4700308048.0 15648981676.0 7550406668.0 366575804.0 22658378216.0 29873102416.0 36453006236.0 367706048.0 23979256704.0 20520333316.0 16986437076.0 27837156224.0 20053165796.0 13331227980.0 2670013076.0 34435897444.0 19790195692.0 1858874632.0 7682268468.0 4371030296.0 7839749132.0 31782838028.0 24787381164.0 12078540880.0 24845400356.0 22633136100.0 10086297456.0 26617622948.0 27192540396.0 16509850856.0 29259756672.0 20906876764.0 37063714744.0 17770072916.0 27761806624.0 16855328772.0 2631961528.0 25679143680.0 -725470093028.0 

