-798291625740.0 29698708872.0 9811530588.0 1303475480.0 25909297220.0 16739549428.0 1027536876.0 29379528480.0 24013813664.0 27235482416.0 14340407924.0 14797090980.0 8559696380.0 26342026192.0 3875273044.0 22765090376.0 26097507880.0 29085235448.0 27279657480.0 14203527444.0 24149449776.0 5440065804.0 14579637672.0 4726731848.0 28207644916.0 29313576976.0 26639741236.0 17513546324.0 27620614312.0 29204072592.0 25006819328.0 24896692760.0 130658640.0 10326698940.0 4280314828.0 1804644692.0 11614930912.0 15295460364.0 28543002092.0 7104719096.0 9982320096.0 4145611992.0 14123887892.0 11976419816.0 26978520424.0 9878104276.0 659203948.0 181677728.0 2899377440.0 28603042848.0 
29698708872.0 -973142981328.0 12043608696.0 1600010160.0 31803543240.0 20547719976.0 1261296792.0 36063236160.0 29476845888.0 33431429472.0 17602784808.0 18163361160.0 10506987960.0 32334716064.0 4756879848.0 27944043792.0 32034570960.0 35701992816.0 33485654160.0 17434764648.0 29643338592.0 6677655768.0 17896438224.0 5802041616.0 34624754472.0 35982280992.0 32700159912.0 21497797608.0 33904177104.0 35847864864.0 30695755776.0 30560575920.0 160382880.0 12675975480.0 5254066776.0 2215193064.0 14257274304.0 18775107288.0 35036403864.0 8721010032.0 12253252032.0 5088719664.0 17337007464.0 14701000272.0 33116009808.0 12125327592.0 809169816.0 223008576.0 3558972480.0 35110103616.0 
9811530588.0 12043608696.0 -329560977324.0 528593640.0 10506902460.0 6788328204.0 416693268.0 11914172640.0 9738233952.0 11044705488.0 5815413132.0 6000610140.0 3471182340.0 10682385456.0 1571525292.0 9231843768.0 10583226840.0 11794829064.0 11062619640.0 5759904492.0 9793237968.0 2206089972.0 5912427096.0 1916814264.0 11438942988.0 11887427568.0 10803116748.0 7102204332.0 11200886616.0 11843020656.0 10140923904.0 10096264680.0 52985520.0 4187748420.0 1735780404.0 731830956.0 4710160416.0 6202712052.0 11574939156.0 2881150728.0 4048093728.0 1681154856.0 5727608556.0 4856753688.0 10940500632.0 4005831468.0 267324564.0 73675104.0 1175773920.0 11599287264.0 
1303475480.0 1600010160.0 528593640.0 -44241003280.0 1395856600.0 901838840.0 55358280.0 1582814400.0 1293737920.0 1467304480.0 772585720.0 797189400.0 461151400.0 1419169760.0 208779320.0 1226463280.0 1405996400.0 1566959440.0 1469684400.0 765211320.0 1301045280.0 293082120.0 785474160.0 254651440.0 1519679480.0 1579261280.0 1435209080.0 943537720.0 1488053360.0 1573361760.0 1347235840.0 1341302800.0 7039200.0 556348200.0 230600840.0 97224760.0 625751360.0 824038920.0 1537746760.0 382764880.0 537794880.0 223343760.0 760920760.0 645226480.0 1453460720.0 532180280.0 35514440.0 9787840.0 156203200.0 1540981440.0 
25909297220.0 31803543240.0 10506902460.0 1395856600.0 -853032620620.0 17925930260.0 1100361420.0 31461741600.0 25715742880.0 29165740720.0 15356754580.0 15845804100.0 9166347100.0 28208962640.0 4149924980.0 24378518920.0 27947114600.0 31146591160.0 29213046600.0 15210172980.0 25860991920.0 5825619180.0 15612939240.0 5061729160.0 30206803220.0 31391115920.0 28527777620.0 18754782580.0 29578168040.0 31273850640.0 26779125760.0 26661194200.0 139918800.0 11058582300.0 4583673260.0 1932545140.0 12438115040.0 16379494380.0 30565928140.0 7608251320.0 10689796320.0 4439423640.0 15124889140.0 12825223720.0 28890567080.0 10578194420.0 705923660.0 194553760.0 3104864800.0 30630224160.0 
16739549428.0 20547719976.0 6788328204.0 901838840.0 17925930260.0 -557473938924.0 710924508.0 20326887840.0 16614497312.0 18843481328.0 9921733892.0 10237700340.0 5922218540.0 18225323536.0 2681194852.0 15750540008.0 18056148040.0 20123274584.0 18874044840.0 9827030052.0 16708340208.0 3763831932.0 10087250376.0 3270295784.0 19516093828.0 20281257808.0 18431304388.0 12117141092.0 19109943496.0 20205494736.0 17301530624.0 17225337080.0 90399120.0 7144759020.0 2961432124.0 1248584036.0 8036051296.0 10582508412.0 19748118236.0 4915559768.0 6906492768.0 2868234936.0 9771929636.0 8286155528.0 18665696392.0 6834388708.0 456085084.0 125697824.0 2005999520.0 19789658784.0 
1027536876.0 1261296792.0 416693268.0 55358280.0 1100361420.0 710924508.0 -34887144780.0 1247741280.0 1019860704.0 1156684176.0 609033564.0 628428780.0 363528180.0 1118739312.0 164581884.0 966827736.0 1108354680.0 1235242728.0 1158560280.0 603220284.0 1025621136.0 231038244.0 619193592.0 200743128.0 1197971676.0 1244940336.0 1131383196.0 743795964.0 1173040632.0 1240289712.0 1062033408.0 1057356360.0 5549040.0 438572340.0 181783908.0 76642812.0 493283232.0 649594404.0 1212214212.0 301735656.0 423946656.0 176063112.0 599838012.0 508635576.0 1145771064.0 419520636.0 27996228.0 7715808.0 123135840.0 1214764128.0 
29379528480.0 36063236160.0 11914172640.0 1582814400.0 31461741600.0 20326887840.0 1247741280.0 -963071921280.0 29160049920.0 33072132480.0 17413602720.0 17968154400.0 10394066400.0 31987205760.0 4705756320.0 27643721280.0 31690286400.0 35318293440.0 33125774400.0 17247388320.0 29324753280.0 6605889120.0 17704100160.0 5739685440.0 34252632480.0 35595569280.0 32348722080.0 21266754720.0 33539799360.0 35462597760.0 30365859840.0 30232132800.0 158659200.0 12539743200.0 5197599840.0 2191385760.0 14104047360.0 18573325920.0 34659857760.0 8627282880.0 12121562880.0 5034029760.0 17150681760.0 14543004480.0 32760102720.0 11995013280.0 800473440.0 220611840.0 3520723200.0 34732765440.0 
24013813664.0 29476845888.0 9738233952.0 1293737920.0 25715742880.0 16614497312.0 1019860704.0 29160049920.0 -792507415168.0 27032020864.0 14233278496.0 14686549920.0 8495751520.0 26145239168.0 3846322976.0 22595024704.0 25902547520.0 28867955392.0 27075865920.0 14097420576.0 23969042304.0 5399426016.0 14470721088.0 4691420992.0 27996920864.0 29094591104.0 26440730144.0 17382712096.0 27414275648.0 28985904768.0 24820006912.0 24710703040.0 129682560.0 10249553760.0 4248338912.0 1791163168.0 11528162048.0 15181196256.0 28329772768.0 7051643584.0 9907747584.0 4114642368.0 14018375968.0 11886950464.0 26776978496.0 9804310304.0 654279392.0 180320512.0 2877717760.0 28389364992.0 
27235482416.0 33431429472.0 11044705488.0 1467304480.0 29165740720.0 18843481328.0 1156684176.0 33072132480.0 27032020864.0 -895202813440.0 16142800624.0 16656882480.0 9635532880.0 29652857792.0 4362341744.0 25626350176.0 29377606880.0 32740850848.0 30708336480.0 15988716144.0 27184704576.0 6123807504.0 16412098272.0 5320817248.0 31752959216.0 32997891776.0 29987991536.0 19714759024.0 31092146912.0 32874624192.0 28149833728.0 28025865760.0 147080640.0 11624623440.0 4818291728.0 2031463792.0 13074768512.0 17217890064.0 32130466192.0 7997684896.0 11236960896.0 4666658592.0 15899066992.0 13481691616.0 30369350624.0 11119646576.0 742056848.0 204512128.0 3263789440.0 32198053248.0 
14340407924.0 17602784808.0 5815413132.0 772585720.0 15356754580.0 9921733892.0 609033564.0 17413602720.0 14233278496.0 16142800624.0 -478997799148.0 8770415220.0 5073435820.0 15613238288.0 2296921316.0 13493145064.0 15468309320.0 17239171672.0 16168983720.0 8418602916.0 14313671664.0 3224392956.0 8641528008.0 2801591272.0 16719013124.0 17374512464.0 15789697604.0 10380491236.0 16371072968.0 17309607888.0 14821844992.0 14756571640.0 77442960.0 6120759660.0 2536994492.0 1069634788.0 6884310368.0 9065804796.0 16917783388.0 4211053144.0 5916642144.0 2457154488.0 8371399588.0 7098569224.0 15990496136.0 5854872164.0 390718172.0 107682592.0 1718496160.0 16953370272.0 
14797090980.0 18163361160.0 6000610140.0 797189400.0 15845804100.0 10237700340.0 628428780.0 17968154400.0 14686549920.0 16656882480.0 8770415220.0 -493972608780.0 5235003900.0 16110455760.0 2370068820.0 13922846280.0 15960911400.0 17788168440.0 16683899400.0 8686700820.0 14769503280.0 3327076620.0 8916725160.0 2890810440.0 17251444980.0 17927819280.0 16292534580.0 10711067220.0 16892424360.0 17860847760.0 15293859840.0 15226507800.0 79909200.0 6315680700.0 2617787340.0 1103698260.0 7103547360.0 9354513420.0 17456545260.0 4345157880.0 6105062880.0 2535404760.0 8637994260.0 7324629480.0 16499727720.0 6041325780.0 403160940.0 111111840.0 1773223200.0 17493265440.0 
8559696380.0 10506987960.0 3471182340.0 461151400.0 9166347100.0 5922218540.0 363528180.0 10394066400.0 8495751520.0 9635532880.0 5073435820.0 5235003900.0 -287955811180.0 9319440560.0 1371017420.0 8053970680.0 9232933400.0 10289949640.0 9651161400.0 5025009420.0 8543737680.0 1924619220.0 5158071960.0 1672251640.0 9979470380.0 10370733680.0 9424767980.0 6196047820.0 9771787160.0 10331992560.0 8847063040.0 8808101800.0 46225200.0 3653441700.0 1514315540.0 638458060.0 4109200160.0 5411320020.0 10098115060.0 2513550280.0 3531605280.0 1466659560.0 4996834060.0 4237089880.0 9544623320.0 3494735180.0 233217140.0 64275040.0 1025759200.0 10119356640.0 
26342026192.0 32334716064.0 10682385456.0 1419169760.0 28208962640.0 18225323536.0 1118739312.0 31987205760.0 26145239168.0 29652857792.0 15613238288.0 16110455760.0 9319440560.0 -866808567168.0 4219235728.0 24785681312.0 28413878560.0 31666791776.0 29700953760.0 15464208528.0 26292914112.0 5922916848.0 15873701664.0 5146268576.0 30711307792.0 31915400512.0 29004239632.0 19068019088.0 30072173344.0 31796176704.0 27226382336.0 27106481120.0 142255680.0 11243279280.0 4660228336.0 1964821904.0 12645852544.0 16653059568.0 31076430704.0 7735321952.0 10868333952.0 4513569504.0 15377500304.0 13039426592.0 29373088288.0 10754868112.0 717713776.0 197803136.0 3156721280.0 31141800576.0 
3875273044.0 4756879848.0 1571525292.0 208779320.0 4149924980.0 2681194852.0 164581884.0 4705756320.0 3846322976.0 4362341744.0 2296921316.0 2370068820.0 1371017420.0 4219235728.0 -131117947308.0 3646313384.0 4180070920.0 4658619032.0 4369417320.0 2274996996.0 3868047984.0 871342236.0 2335239048.0 757086632.0 4518054244.0 4695192784.0 4266921124.0 2805166916.0 4424028808.0 4677653328.0 4005373952.0 3987734840.0 20927760.0 1654040460.0 685583452.0 289052228.0 1860378208.0 2449893276.0 4571768828.0 1137971864.0 1598880864.0 664007928.0 2262241028.0 1918278344.0 4321183816.0 1582188484.0 105585532.0 29099552.0 464396960.0 4581385632.0 
22765090376.0 27944043792.0 9231843768.0 1226463280.0 24378518920.0 15750540008.0 966827736.0 27643721280.0 22595024704.0 25626350176.0 13493145064.0 13922846280.0 8053970680.0 24785681312.0 3646313384.0 -752471811280.0 24555609680.0 27366815728.0 25667915280.0 13364351784.0 22722647136.0 5118654744.0 13718240592.0 4447466128.0 26541075176.0 27581666336.0 25065806696.0 16478807464.0 25988727632.0 27478631712.0 23529361408.0 23425741360.0 122939040.0 9716574840.0 4027424408.0 1698022312.0 10928695232.0 14391770904.0 26856618712.0 6684956656.0 9392542656.0 3900680112.0 13289417512.0 11268826576.0 25384570064.0 9294484136.0 620256728.0 170943808.0 2728075840.0 26913112128.0 
26097507880.0 32034570960.0 10583226840.0 1405996400.0 27947114600.0 18056148040.0 1108354680.0 31690286400.0 25902547520.0 29377606880.0 15468309320.0 15960911400.0 9232933400.0 28413878560.0 4180070920.0 24555609680.0 -859026217680.0 31372846640.0 29425256400.0 15320662920.0 26048851680.0 5867937720.0 15726354960.0 5098498640.0 30426231880.0 31619147680.0 28735009480.0 18891021320.0 29793030160.0 31501030560.0 26973655040.0 26854866800.0 140935200.0 11138914200.0 4616970040.0 1946583560.0 12528468160.0 16498478520.0 30787965560.0 7663519280.0 10767449280.0 4471672560.0 15234759560.0 12918388880.0 29100434320.0 10655036680.0 711051640.0 195967040.0 3127419200.0 30852728640.0 
29085235448.0 35701992816.0 11794829064.0 1566959440.0 31146591160.0 20123274584.0 1235242728.0 35318293440.0 28867955392.0 32740850848.0 17239171672.0 17788168440.0 10289949640.0 31666791776.0 4658619032.0 27366815728.0 31372846640.0 -953778667024.0 32793955440.0 17074622232.0 29031008928.0 6539718312.0 17526759216.0 5682191344.0 33909525848.0 35239010528.0 32024686808.0 21053726872.0 33203833136.0 35107370976.0 30061686784.0 29929299280.0 157069920.0 12414133320.0 5145535784.0 2169434776.0 13962767936.0 18387277992.0 34312671976.0 8540863888.0 12000141888.0 4983604176.0 16978884376.0 14397328048.0 32431946672.0 11874859928.0 792455144.0 218401984.0 3485456320.0 34384849344.0 
27279657480.0 33485654160.0 11062619640.0 1469684400.0 29213046600.0 18874044840.0 1158560280.0 33125774400.0 27075865920.0 30708336480.0 16168983720.0 16683899400.0 9651161400.0 29700953760.0 4369417320.0 25667915280.0 29425256400.0 32793955440.0 -896604995280.0 16014649320.0 27228797280.0 6133740120.0 16438718160.0 5329447440.0 31804461480.0 33051413280.0 30036631080.0 19746735720.0 31142577360.0 32927945760.0 28195491840.0 28071322800.0 147319200.0 11643478200.0 4826106840.0 2034758760.0 13095975360.0 17245816920.0 32182580760.0 8010656880.0 11255186880.0 4674227760.0 15924854760.0 13503558480.0 30418608720.0 11137682280.0 743260440.0 204843840.0 3269083200.0 32250277440.0 
14203527444.0 17434764648.0 5759904492.0 765211320.0 15210172980.0 9827030052.0 603220284.0 17247388320.0 14097420576.0 15988716144.0 8418602916.0 8686700820.0 5025009420.0 15464208528.0 2274996996.0 13364351784.0 15320662920.0 17074622232.0 16014649320.0 -474506078508.0 14177046384.0 3193615836.0 8559043848.0 2774849832.0 16559428644.0 17208671184.0 15638983524.0 10281408516.0 16214809608.0 17144386128.0 14680369152.0 14615718840.0 76703760.0 6062336460.0 2512778652.0 1059425028.0 6818599008.0 8979270876.0 16756301628.0 4170858264.0 5860167264.0 2433700728.0 8291493828.0 7030812744.0 15837865416.0 5798986884.0 386988732.0 106654752.0 1702092960.0 16791548832.0 
24149449776.0 29643338592.0 9793237968.0 1301045280.0 25860991920.0 16708340208.0 1025621136.0 29324753280.0 23969042304.0 27184704576.0 14313671664.0 14769503280.0 8543737680.0 26292914112.0 3868047984.0 22722647136.0 26048851680.0 29031008928.0 27228797280.0 14177046384.0 -796848314880.0 5429923344.0 14552455392.0 4717919328.0 28155054576.0 29258924736.0 26590074096.0 17480894064.0 27569118432.0 29149624512.0 24960196608.0 24850275360.0 130415040.0 10307445840.0 4272334608.0 1801280112.0 11593276032.0 15266943504.0 28489786512.0 7091473056.0 9963709056.0 4137882912.0 14097555312.0 11954090976.0 26928221664.0 9859687536.0 657974928.0 181339008.0 2893971840.0 28549715328.0 
5440065804.0 6677655768.0 2206089972.0 293082120.0 5825619180.0 3763831932.0 231038244.0 6605889120.0 5399426016.0 6123807504.0 3224392956.0 3327076620.0 1924619220.0 5922916848.0 871342236.0 5118654744.0 5867937720.0 6539718312.0 6133740120.0 3193615836.0 5429923344.0 -183710098188.0 3278182968.0 1062789912.0 6342395004.0 6591060144.0 5989857084.0 3937862556.0 6210403128.0 6566438448.0 5622700032.0 5597938440.0 29378160.0 2321923860.0 962414532.0 405768348.0 2611578528.0 3439133316.0 6417798948.0 1597472424.0 2244491424.0 932127048.0 3175709148.0 2692858104.0 6066030456.0 2221058844.0 148219812.0 40849632.0 651915360.0 6431298912.0 
14579637672.0 17896438224.0 5912427096.0 785474160.0 15612939240.0 10087250376.0 619193592.0 17704100160.0 14470721088.0 16412098272.0 8641528008.0 8916725160.0 5158071960.0 15873701664.0 2335239048.0 13718240592.0 15726354960.0 17526759216.0 16438718160.0 8559043848.0 14552455392.0 3278182968.0 -486844382928.0 2848328016.0 16997923272.0 17664357792.0 16053104712.0 10553660808.0 16644178704.0 17598370464.0 15069106176.0 15002743920.0 78734880.0 6222867480.0 2579317176.0 1087478664.0 6999155904.0 9217042488.0 17200009464.0 4281302832.0 6015344832.0 2498145264.0 8511053064.0 7216989072.0 16257253008.0 5952544392.0 397236216.0 109478976.0 1747164480.0 17236190016.0 
4726731848.0 5802041616.0 1916814264.0 254651440.0 5061729160.0 3270295784.0 200743128.0 5739685440.0 4691420992.0 5320817248.0 2801591272.0 2890810440.0 1672251640.0 5146268576.0 757086632.0 4447466128.0 5098498640.0 5682191344.0 5329447440.0 2774849832.0 4717919328.0 1062789912.0 2848328016.0 -159760291024.0 5510742248.0 5726800928.0 5204431208.0 3421506472.0 5396057936.0 5705407776.0 4885417984.0 4863903280.0 25525920.0 2017459320.0 836216984.0 352561576.0 2269132736.0 2988173592.0 5576258776.0 1388002288.0 1950180288.0 809900976.0 2759291176.0 2339754448.0 5270616272.0 1929820328.0 128784344.0 35493184.0 566432320.0 5587988544.0 
28207644916.0 34624754472.0 11438942988.0 1519679480.0 30206803220.0 19516093828.0 1197971676.0 34252632480.0 27996920864.0 31752959216.0 16719013124.0 17251444980.0 9979470380.0 30711307792.0 4518054244.0 26541075176.0 30426231880.0 33909525848.0 31804461480.0 16559428644.0 28155054576.0 6342395004.0 16997923272.0 5510742248.0 -926023400940.0 34175741776.0 31058404036.0 20418471524.0 32201971912.0 34048074192.0 29154633728.0 29026240760.0 152330640.0 12039560940.0 4990279228.0 2103976292.0 13541468512.0 17832477564.0 33277353692.0 8283159896.0 11638060896.0 4833233592.0 16466579492.0 13962916616.0 31453375624.0 11516559076.0 768544348.0 211812128.0 3380289440.0 33347353248.0 
29313576976.0 35982280992.0 11887427568.0 1579261280.0 31391115920.0 20281257808.0 1244940336.0 35595569280.0 29094591104.0 32997891776.0 17374512464.0 17927819280.0 10370733680.0 31915400512.0 4695192784.0 27581666336.0 31619147680.0 35239010528.0 33051413280.0 17208671184.0 29258924736.0 6591060144.0 17664357792.0 5726800928.0 34175741776.0 -960989911680.0 32276105296.0 21219014864.0 33464508832.0 35382990912.0 30297694208.0 30164267360.0 158303040.0 12511593840.0 5185932208.0 2186466512.0 14072386432.0 18531632304.0 34582052912.0 8607916256.0 12094352256.0 5022729312.0 17112181712.0 14510358176.0 32686562464.0 11968086736.0 798676528.0 220116608.0 3512819840.0 34654796928.0 
26639741236.0 32700159912.0 10803116748.0 1435209080.0 28527777620.0 18431304388.0 1131383196.0 32348722080.0 26440730144.0 29987991536.0 15789697604.0 16292534580.0 9424767980.0 29004239632.0 4266921124.0 25065806696.0 28735009480.0 32024686808.0 30036631080.0 15638983524.0 26590074096.0 5989857084.0 16053104712.0 5204431208.0 31058404036.0 32276105296.0 -876277351020.0 19283524004.0 30412046152.0 32155534032.0 27534092288.0 27412835960.0 143863440.0 11370349740.0 4712897788.0 1987028132.0 12788774752.0 16841270844.0 31427653532.0 7822745816.0 10991166816.0 4564581432.0 15551295332.0 13186796936.0 29705060104.0 10876418596.0 725825308.0 200038688.0 3192398240.0 31493762208.0 
17513546324.0 21497797608.0 7102204332.0 943537720.0 18754782580.0 12117141092.0 743795964.0 21266754720.0 17382712096.0 19714759024.0 10380491236.0 10711067220.0 6196047820.0 19068019088.0 2805166916.0 16478807464.0 18891021320.0 21053726872.0 19746735720.0 10281408516.0 17480894064.0 3937862556.0 10553660808.0 3421506472.0 20418471524.0 21219014864.0 19283524004.0 -582689938348.0 19993541768.0 21139748688.0 18101512192.0 18021795640.0 94578960.0 7475115660.0 3098361692.0 1306315588.0 8407619168.0 11071818396.0 20661224188.0 5142843544.0 7225832544.0 3000855288.0 10223760388.0 8669287624.0 19528753736.0 7150394564.0 477173372.0 131509792.0 2098752160.0 20704685472.0 
27620614312.0 33904177104.0 11200886616.0 1488053360.0 29578168040.0 19109943496.0 1173040632.0 33539799360.0 27414275648.0 31092146912.0 16371072968.0 16892424360.0 9771787160.0 30072173344.0 4424028808.0 25988727632.0 29793030160.0 33203833136.0 31142577360.0 16214809608.0 27569118432.0 6210403128.0 16644178704.0 5396057936.0 32201971912.0 33464508832.0 30412046152.0 19993541768.0 -907422041808.0 33339498144.0 28547895296.0 28422174320.0 149160480.0 11789005080.0 4886426296.0 2060190344.0 13259656384.0 17461365048.0 32584817144.0 8110778672.0 11395860672.0 4732648944.0 16123892744.0 13672333712.0 30798797968.0 11276887432.0 752550136.0 207404096.0 3309942080.0 32653359936.0 
29204072592.0 35847864864.0 11843020656.0 1573361760.0 31273850640.0 20205494736.0 1240289712.0 35462597760.0 28985904768.0 32874624192.0 17309607888.0 17860847760.0 10331992560.0 31796176704.0 4677653328.0 27478631712.0 31501030560.0 35107370976.0 32927945760.0 17144386128.0 29149624512.0 6566438448.0 17598370464.0 5705407776.0 34048074192.0 35382990912.0 32155534032.0 21139748688.0 33339498144.0 -957532195968.0 30184513536.0 30051585120.0 157711680.0 12464855280.0 5166559536.0 2178298704.0 14019817344.0 18462405168.0 34452867504.0 8575760352.0 12049172352.0 5003966304.0 17048257104.0 14456152992.0 32564457888.0 11923378512.0 795692976.0 219294336.0 3499697280.0 34525339776.0 
25006819328.0 30695755776.0 10140923904.0 1347235840.0 26779125760.0 17301530624.0 1062033408.0 30365859840.0 24820006912.0 28149833728.0 14821844992.0 15293859840.0 8847063040.0 27226382336.0 4005373952.0 23529361408.0 26973655040.0 30061686784.0 28195491840.0 14680369152.0 24960196608.0 5622700032.0 15069106176.0 4885417984.0 29154633728.0 30297694208.0 27534092288.0 18101512192.0 28547895296.0 30184513536.0 -824252391424.0 25732526080.0 135045120.0 10673387520.0 4424013824.0 1865230336.0 12004868096.0 15808960512.0 29501249536.0 7343239168.0 10317447168.0 4284788736.0 14598055936.0 12378492928.0 27884244992.0 10209732608.0 681334784.0 187777024.0 2996715520.0 29563305984.0 
24896692760.0 30560575920.0 10096264680.0 1341302800.0 26661194200.0 17225337080.0 1057356360.0 30232132800.0 24710703040.0 28025865760.0 14756571640.0 15226507800.0 8808101800.0 27106481120.0 3987734840.0 23425741360.0 26854866800.0 29929299280.0 28071322800.0 14615718840.0 24850275360.0 5597938440.0 15002743920.0 4863903280.0 29026240760.0 30164267360.0 27412835960.0 18021795640.0 28422174320.0 30051585120.0 25732526080.0 -820735820560.0 134450400.0 10626383400.0 4404531080.0 1857016120.0 11952000320.0 15739340040.0 29371330120.0 7310900560.0 10272010560.0 4265919120.0 14533768120.0 12323979760.0 27761446640.0 10164770360.0 678334280.0 186950080.0 2983518400.0 29433113280.0 
130658640.0 160382880.0 52985520.0 7039200.0 139918800.0 90399120.0 5549040.0 158659200.0 129682560.0 147080640.0 77442960.0 79909200.0 46225200.0 142255680.0 20927760.0 122939040.0 140935200.0 157069920.0 147319200.0 76703760.0 130415040.0 29378160.0 78734880.0 25525920.0 152330640.0 158303040.0 143863440.0 94578960.0 149160480.0 157711680.0 135045120.0 134450400.0 -4440992640.0 55767600.0 23115120.0 9745680.0 62724480.0 82600560.0 154141680.0 38367840.0 53907840.0 22387680.0 76273680.0 64676640.0 145692960.0 53345040.0 3559920.0 981120.0 15657600.0 154465920.0 
10326698940.0 12675975480.0 4187748420.0 556348200.0 11058582300.0 7144759020.0 438572340.0 12539743200.0 10249553760.0 11624623440.0 6120759660.0 6315680700.0 3653441700.0 11243279280.0 1654040460.0 9716574840.0 11138914200.0 12414133320.0 11643478200.0 6062336460.0 10307445840.0 2321923860.0 6222867480.0 2017459320.0 12039560940.0 12511593840.0 11370349740.0 7475115660.0 11789005080.0 12464855280.0 10673387520.0 10626383400.0 55767600.0 -346645160940.0 1826920020.0 770256780.0 4957474080.0 6528394260.0 12182697780.0 3032429640.0 4260644640.0 1769426280.0 6028344780.0 5111764440.0 11514947160.0 4216163340.0 281360820.0 77543520.0 1237509600.0 12208324320.0 
4280314828.0 5254066776.0 1735780404.0 230600840.0 4583673260.0 2961432124.0 181783908.0 5197599840.0 4248338912.0 4818291728.0 2536994492.0 2617787340.0 1514315540.0 4660228336.0 685583452.0 4027424408.0 4616970040.0 5145535784.0 4826106840.0 2512778652.0 4272334608.0 962414532.0 2579317176.0 836216984.0 4990279228.0 5185932208.0 4712897788.0 3098361692.0 4886426296.0 5166559536.0 4424013824.0 4404531080.0 23115120.0 1826920020.0 -144750678924.0 319263836.0 2054824096.0 2705955012.0 5049608036.0 1256912168.0 1765995168.0 733409736.0 2498689436.0 2118775928.0 4772831992.0 1747558108.0 116621284.0 32141024.0 512935520.0 5060229984.0 
1804644692.0 2215193064.0 731830956.0 97224760.0 1932545140.0 1248584036.0 76642812.0 2191385760.0 1791163168.0 2031463792.0 1069634788.0 1103698260.0 638458060.0 1964821904.0 289052228.0 1698022312.0 1946583560.0 2169434776.0 2034758760.0 1059425028.0 1801280112.0 405768348.0 1087478664.0 352561576.0 2103976292.0 2186466512.0 1987028132.0 1306315588.0 2060190344.0 2178298704.0 1865230336.0 1857016120.0 9745680.0 770256780.0 319263836.0 -61213706668.0 866344544.0 1140871068.0 2128990204.0 529932952.0 744569952.0 309216504.0 1053484804.0 893307592.0 2012297288.0 736796612.0 49169276.0 13551136.0 216261280.0 2133468576.0 
11614930912.0 14257274304.0 4710160416.0 625751360.0 12438115040.0 8036051296.0 493283232.0 14104047360.0 11528162048.0 13074768512.0 6884310368.0 7103547360.0 4109200160.0 12645852544.0 1860378208.0 10928695232.0 12528468160.0 13962767936.0 13095975360.0 6818599008.0 11593276032.0 2611578528.0 6999155904.0 2269132736.0 13541468512.0 14072386432.0 12788774752.0 8407619168.0 13259656384.0 14019817344.0 12004868096.0 11952000320.0 62724480.0 4957474080.0 2054824096.0 866344544.0 -389269915008.0 7342796448.0 13702461344.0 3410718272.0 4792150272.0 1990158144.0 6780366944.0 5749445312.0 12951410368.0 4742120032.0 316459936.0 87216896.0 1391886080.0 13731284736.0 
15295460364.0 18775107288.0 6202712052.0 824038920.0 16379494380.0 10582508412.0 649594404.0 18573325920.0 15181196256.0 17217890064.0 9065804796.0 9354513420.0 5411320020.0 16653059568.0 2449893276.0 14391770904.0 16498478520.0 18387277992.0 17245816920.0 8979270876.0 15266943504.0 3439133316.0 9217042488.0 2988173592.0 17832477564.0 18531632304.0 16841270844.0 11071818396.0 17461365048.0 18462405168.0 15808960512.0 15739340040.0 82600560.0 6528394260.0 2705955012.0 1140871068.0 7342796448.0 -510294656268.0 18044485668.0 4491503784.0 6310682784.0 2620797768.0 8928923868.0 7571324664.0 17055442296.0 6244799004.0 416739492.0 114854112.0 1832945760.0 18082442592.0 
28543002092.0 35036403864.0 11574939156.0 1537746760.0 30565928140.0 19748118236.0 1212214212.0 34659857760.0 28329772768.0 32130466192.0 16917783388.0 17456545260.0 10098115060.0 31076430704.0 4571768828.0 26856618712.0 30787965560.0 34312671976.0 32182580760.0 16756301628.0 28489786512.0 6417798948.0 17200009464.0 5576258776.0 33277353692.0 34582052912.0 31427653532.0 20661224188.0 32584817144.0 34452867504.0 29501249536.0 29371330120.0 154141680.0 12182697780.0 5049608036.0 2128990204.0 13702461344.0 18044485668.0 -936637147468.0 8381637352.0 11776424352.0 4890695304.0 16662348604.0 14128919992.0 31827320888.0 11653478012.0 777681476.0 214330336.0 3420477280.0 33743815776.0 
7104719096.0 8721010032.0 2881150728.0 382764880.0 7608251320.0 4915559768.0 301735656.0 8627282880.0 7051643584.0 7997684896.0 4211053144.0 4345157880.0 2513550280.0 7735321952.0 1137971864.0 6684956656.0 7663519280.0 8540863888.0 8010656880.0 4170858264.0 7091473056.0 1597472424.0 4281302832.0 1388002288.0 8283159896.0 8607916256.0 7822745816.0 5142843544.0 8110778672.0 8575760352.0 7343239168.0 7310900560.0 38367840.0 3032429640.0 1256912168.0 529932952.0 3410718272.0 4491503784.0 8381637352.0 -239436332560.0 2931302976.0 1217356752.0 4147472152.0 3516869296.0 7922228144.0 2900700056.0 193574888.0 53349568.0 851400640.0 8399268288.0 
9982320096.0 12253252032.0 4048093728.0 537794880.0 10689796320.0 6906492768.0 423946656.0 12121562880.0 9907747584.0 11236960896.0 5916642144.0 6105062880.0 3531605280.0 10868333952.0 1598880864.0 9392542656.0 10767449280.0 12000141888.0 11255186880.0 5860167264.0 9963709056.0 2244491424.0 6015344832.0 1950180288.0 11638060896.0 12094352256.0 10991166816.0 7225832544.0 11395860672.0 12049172352.0 10317447168.0 10272010560.0 53907840.0 4260644640.0 1765995168.0 744569952.0 4792150272.0 6310682784.0 11776424352.0 2931302976.0 -335227186560.0 1710418752.0 5827309152.0 4941295296.0 11130942144.0 4075561056.0 271977888.0 74957568.0 1196240640.0 11801196288.0 
4145611992.0 5088719664.0 1681154856.0 223343760.0 4439423640.0 2868234936.0 176063112.0 5034029760.0 4114642368.0 4666658592.0 2457154488.0 2535404760.0 1466659560.0 4513569504.0 664007928.0 3900680112.0 4471672560.0 4983604176.0 4674227760.0 2433700728.0 4137882912.0 932127048.0 2498145264.0 809900976.0 4833233592.0 5022729312.0 4564581432.0 3000855288.0 4732648944.0 5003966304.0 4284788736.0 4265919120.0 22387680.0 1769426280.0 733409736.0 309216504.0 1990158144.0 2620797768.0 4890695304.0 1217356752.0 1710418752.0 -140218410768.0 2420054904.0 2052097392.0 4622629488.0 1692561912.0 112951176.0 31129536.0 496793280.0 4900982976.0 
14123887892.0 17337007464.0 5727608556.0 760920760.0 15124889140.0 9771929636.0 599838012.0 17150681760.0 14018375968.0 15899066992.0 8371399588.0 8637994260.0 4996834060.0 15377500304.0 2262241028.0 13289417512.0 15234759560.0 16978884376.0 15924854760.0 8291493828.0 14097555312.0 3175709148.0 8511053064.0 2759291176.0 16466579492.0 17112181712.0 15551295332.0 10223760388.0 16123892744.0 17048257104.0 14598055936.0 14533768120.0 76273680.0 6028344780.0 2498689436.0 1053484804.0 6780366944.0 8928923868.0 16662348604.0 4147472152.0 5827309152.0 2420054904.0 -471892001068.0 6991390792.0 15749062088.0 5766471812.0 384818876.0 106056736.0 1692549280.0 16697398176.0 
11976419816.0 14701000272.0 4856753688.0 645226480.0 12825223720.0 8286155528.0 508635576.0 14543004480.0 11886950464.0 13481691616.0 7098569224.0 7324629480.0 4237089880.0 13039426592.0 1918278344.0 11268826576.0 12918388880.0 14397328048.0 13503558480.0 7030812744.0 11954090976.0 2692858104.0 7216989072.0 2339754448.0 13962916616.0 14510358176.0 13186796936.0 8669287624.0 13672333712.0 14456152992.0 12378492928.0 12323979760.0 64676640.0 5111764440.0 2118775928.0 893307592.0 5749445312.0 7571324664.0 14128919992.0 3516869296.0 4941295296.0 2052097392.0 6991390792.0 -401206137040.0 13354494224.0 4889707976.0 326309048.0 89931328.0 1435205440.0 14158640448.0 
26978520424.0 33116009808.0 10940500632.0 1453460720.0 28890567080.0 18665696392.0 1145771064.0 32760102720.0 26776978496.0 30369350624.0 15990496136.0 16499727720.0 9544623320.0 29373088288.0 4321183816.0 25384570064.0 29100434320.0 32431946672.0 30418608720.0 15837865416.0 26928221664.0 6066030456.0 16257253008.0 5270616272.0 31453375624.0 32686562464.0 29705060104.0 19528753736.0 30798797968.0 32564457888.0 27884244992.0 27761446640.0 145692960.0 11514947160.0 4772831992.0 2012297288.0 12951410368.0 17055442296.0 31827320888.0 7922228144.0 11130942144.0 4622629488.0 15749062088.0 13354494224.0 -887043261648.0 11014734664.0 735055672.0 202582592.0 3232996160.0 31894270272.0 
9878104276.0 12125327592.0 4005831468.0 532180280.0 10578194420.0 6834388708.0 419520636.0 11995013280.0 9804310304.0 11119646576.0 5854872164.0 6041325780.0 3494735180.0 10754868112.0 1582188484.0 9294484136.0 10655036680.0 11874859928.0 11137682280.0 5798986884.0 9859687536.0 2221058844.0 5952544392.0 1929820328.0 11516559076.0 11968086736.0 10876418596.0 7150394564.0 11276887432.0 11923378512.0 10209732608.0 10164770360.0 53345040.0 4216163340.0 1747558108.0 736796612.0 4742120032.0 6244799004.0 11653478012.0 2900700056.0 4075561056.0 1692561912.0 5766471812.0 4889707976.0 11014734664.0 -331769950380.0 269138428.0 74175008.0 1183751840.0 11677991328.0 
659203948.0 809169816.0 267324564.0 35514440.0 705923660.0 456085084.0 27996228.0 800473440.0 654279392.0 742056848.0 390718172.0 403160940.0 233217140.0 717713776.0 105585532.0 620256728.0 711051640.0 792455144.0 743260440.0 386988732.0 657974928.0 148219812.0 397236216.0 128784344.0 768544348.0 798676528.0 725825308.0 477173372.0 752550136.0 795692976.0 681334784.0 678334280.0 3559920.0 281360820.0 116621284.0 49169276.0 316459936.0 416739492.0 777681476.0 193574888.0 271977888.0 112951176.0 384818876.0 326309048.0 735055672.0 269138428.0 -22391464524.0 4949984.0 78996320.0 779317344.0 
181677728.0 223008576.0 73675104.0 9787840.0 194553760.0 125697824.0 7715808.0 220611840.0 180320512.0 204512128.0 107682592.0 111111840.0 64275040.0 197803136.0 29099552.0 170943808.0 195967040.0 218401984.0 204843840.0 106654752.0 181339008.0 40849632.0 109478976.0 35493184.0 211812128.0 220116608.0 200038688.0 131509792.0 207404096.0 219294336.0 187777024.0 186950080.0 981120.0 77543520.0 32141024.0 13551136.0 87216896.0 114854112.0 214330336.0 53349568.0 74957568.0 31129536.0 106056736.0 89931328.0 202582592.0 74175008.0 4949984.0 -6174711424.0 21771520.0 214781184.0 
2899377440.0 3558972480.0 1175773920.0 156203200.0 3104864800.0 2005999520.0 123135840.0 3520723200.0 2877717760.0 3263789440.0 1718496160.0 1773223200.0 1025759200.0 3156721280.0 464396960.0 2728075840.0 3127419200.0 3485456320.0 3269083200.0 1702092960.0 2893971840.0 651915360.0 1747164480.0 566432320.0 3380289440.0 3512819840.0 3192398240.0 2098752160.0 3309942080.0 3499697280.0 2996715520.0 2983518400.0 15657600.0 1237509600.0 512935520.0 216261280.0 1391886080.0 1832945760.0 3420477280.0 851400640.0 1196240640.0 496793280.0 1692549280.0 1435205440.0 3232996160.0 1183751840.0 78996320.0 21771520.0 -98215949440.0 3427672320.0 
28603042848.0 35110103616.0 11599287264.0 1540981440.0 30630224160.0 19789658784.0 1214764128.0 34732765440.0 28389364992.0 32198053248.0 16953370272.0 17493265440.0 10119356640.0 31141800576.0 4581385632.0 26913112128.0 30852728640.0 34384849344.0 32250277440.0 16791548832.0 28549715328.0 6431298912.0 17236190016.0 5587988544.0 33347353248.0 34654796928.0 31493762208.0 20704685472.0 32653359936.0 34525339776.0 29563305984.0 29433113280.0 154465920.0 12208324320.0 5060229984.0 2133468576.0 13731284736.0 18082442592.0 33743815776.0 8399268288.0 11801196288.0 4900982976.0 16697398176.0 14158640448.0 31894270272.0 11677991328.0 779317344.0 214781184.0 3427672320.0 -938536401024.0 

