-308963079768.0 3779389464.0 4559416992.0 2273237304.0 4996258008.0 5349542424.0 5407498704.0 1966815696.0 2677082352.0 4982888952.0 3900350976.0 1449973680.0 6513716976.0 4948684080.0 6135898920.0 4081544352.0 1690687800.0 2193307416.0 6265607208.0 6092165040.0 5897033712.0 2138124504.0 815156856.0 4202292528.0 2176382760.0 6055542360.0 3860741592.0 5313204192.0 675777336.0 3752438016.0 4456873488.0 1606206744.0 5880749064.0 4810584576.0 2780336976.0 1590135432.0 5471926176.0 5579305296.0 6814378512.0 5168633496.0 7015483248.0 22826952.0 2382394224.0 3614907408.0 7021954440.0 6557095296.0 5705031312.0 5730133848.0 3883497432.0 5809423728.0 2916872016.0 2969921568.0 1919597328.0 1141560936.0 177993336.0 736649208.0 7020105528.0 4986515664.0 2600352504.0 2508973584.0 6667816680.0 4479487104.0 2510680272.0 7006523136.0 4630813440.0 2224027800.0 1119658440.0 5000169168.0 6394604376.0 2744425416.0 2186551776.0 2835519888.0 208855944.0 5071281168.0 3080856288.0 2994455208.0 2340722592.0 6564135384.0 940882872.0 6930433296.0 
3779389464.0 -916120349560.0 13630292208.0 6795800596.0 14936220292.0 15992357476.0 16165616696.0 5879758904.0 8003087848.0 14896253748.0 11660026624.0 4334669320.0 19472635624.0 14793998920.0 18343155580.0 12201700848.0 5054279700.0 6556851684.0 18730916092.0 18212413960.0 17629072488.0 6391883396.0 2436896244.0 12562675272.0 6506255740.0 18102931140.0 11541615108.0 15883725008.0 2020223764.0 11217843584.0 13323740312.0 4801725156.0 17580389836.0 14381153024.0 8311765624.0 4753680268.0 16358221424.0 16679229304.0 20371457688.0 15451533604.0 20972656552.0 68240748.0 7122123176.0 10806698392.0 20992002060.0 19602314304.0 17055084888.0 17130128452.0 11609643268.0 17367164072.0 8719934584.0 8878525232.0 5738600472.0 3412675164.0 532107764.0 2202199092.0 20986474772.0 14907095736.0 7773705396.0 7500529816.0 19933313820.0 13391343296.0 7505631928.0 20945870464.0 13843730560.0 6648689700.0 3347198060.0 14947912632.0 19116550724.0 8204408684.0 6536655824.0 8476733912.0 624370956.0 15160500632.0 9210162512.0 8951868092.0 6997546608.0 19623360516.0 2812751828.0 20718401304.0 
4559416992.0 13630292208.0 -1102385114064.0 8198384688.0 18018904176.0 19293017328.0 19502035488.0 7093281312.0 9654843744.0 17970688944.0 14066537472.0 5229300960.0 23491589472.0 17847329760.0 22128996240.0 14720007744.0 6097431600.0 7910119152.0 22596786576.0 21971270880.0 21267533664.0 7711103088.0 2939846832.0 15155483616.0 7849080720.0 21839191920.0 13923687024.0 19161964224.0 2437177392.0 13533092352.0 16073624736.0 5792752368.0 21208803408.0 17349276672.0 10027229472.0 5734791504.0 19734391872.0 20121652512.0 24575919264.0 18640572912.0 25301199456.0 82324944.0 8592056928.0 13037090976.0 25324537680.0 23648032512.0 20575080864.0 20665612656.0 14005755504.0 20951570016.0 10519640352.0 10710962496.0 6922989216.0 4117016592.0 641929392.0 2656710576.0 25317869616.0 17983768608.0 9378119088.0 9048562848.0 24047346960.0 16155180288.0 9054717984.0 25268884992.0 16700935680.0 8020911600.0 4038025680.0 18033009696.0 23062012272.0 9897715152.0 7885755072.0 10226245536.0 753234768.0 18289473696.0 11111046336.0 10799442576.0 8441769024.0 23673422448.0 3393275184.0 24994468512.0 
2273237304.0 6795800596.0 8198384688.0 -553738767400.0 8983877812.0 9619126036.0 9723338456.0 3536573144.0 4813718728.0 8959838628.0 7013304064.0 2607228520.0 11712453064.0 8898334120.0 11033090380.0 7339111728.0 3040061700.0 3943832724.0 11266321612.0 10954451560.0 10603581768.0 3844607156.0 1465750884.0 7556231592.0 3913400140.0 10888599540.0 6942081588.0 9553785488.0 1215129604.0 6747338624.0 8013999032.0 2888154516.0 10574299996.0 8650014464.0 4999383064.0 2859256348.0 9839186864.0 10032267544.0 12253078968.0 9293829844.0 12614689672.0 41045628.0 4283833736.0 6500041912.0 12626325660.0 11790452544.0 10258338168.0 10303475572.0 6982999348.0 10446048392.0 5244889624.0 5340279152.0 3451668792.0 2052665004.0 320053604.0 1324584612.0 12623001092.0 8966359896.0 4675749156.0 4511438776.0 11989543020.0 8054661056.0 4514507608.0 12598578304.0 8326764160.0 3999071700.0 2013281660.0 8990910552.0 11498274164.0 4934809724.0 3931685264.0 5098608632.0 375548316.0 9118778552.0 5539753232.0 5384393612.0 4208903088.0 11803111476.0 1691821508.0 12461759544.0 
4996258008.0 14936220292.0 18018904176.0 8983877812.0 -1206279019288.0 21141495172.0 21370539512.0 7772893688.0 10579881256.0 19692473556.0 15414262528.0 5730324040.0 25742335528.0 19557295240.0 24249191260.0 16130342256.0 6681630900.0 8667993348.0 24761800924.0 24076354120.0 23305191336.0 8449909412.0 3221515668.0 16607541384.0 8601106780.0 23931620580.0 15257725476.0 20997885776.0 2670685108.0 14829707648.0 17613650264.0 6347760132.0 23240834092.0 19011523328.0 10987945528.0 6284245996.0 21625158128.0 22049522488.0 26930555736.0 20426539588.0 27725325544.0 90212556.0 9415268072.0 14286184024.0 27750899820.0 25913767488.0 22546394136.0 22645599844.0 15347656996.0 22958954984.0 11527534648.0 11737187504.0 7586285784.0 4511470908.0 703433108.0 2911251924.0 27743592884.0 19706806392.0 10276643412.0 9915512152.0 26351340540.0 17703019712.0 9922257016.0 27689915008.0 18301064320.0 8789400900.0 4424911820.0 19760765304.0 25271600228.0 10846022348.0 8641294928.0 11206029464.0 825402732.0 20041801304.0 12175603664.0 11834144924.0 9250580976.0 25941590052.0 3718387316.0 27389206488.0 
5349542424.0 15992357476.0 19293017328.0 9619126036.0 21141495172.0 -1290079859320.0 22881646136.0 8322513464.0 11327982568.0 21084924468.0 16504201984.0 6135514120.0 27562570984.0 20940187720.0 25963846780.0 17270915568.0 7154087700.0 9280905444.0 26512702972.0 25778788360.0 24953096808.0 9047400836.0 3449308404.0 17781857352.0 9209289340.0 25623820740.0 16336596228.0 22482642128.0 2859528724.0 15878313344.0 18859107992.0 6796608996.0 24884188876.0 20355824384.0 11764900984.0 6728603788.0 23154268784.0 23608639864.0 28834810008.0 21870896164.0 29685777832.0 96591468.0 10081019816.0 15296357272.0 29713160460.0 27746124864.0 24140645208.0 24246865732.0 16432886788.0 24582378152.0 12342644344.0 12567121712.0 8122710552.0 4830476124.0 753172724.0 3117105972.0 29705336852.0 21100270776.0 11003302836.0 10616636056.0 28214638620.0 18954796736.0 10623857848.0 29647863424.0 19595128960.0 9410897700.0 4737796460.0 21158045112.0 27058550084.0 11612942444.0 9252319184.0 11998405592.0 883766796.0 21458953112.0 13036538192.0 12670934972.0 9904687728.0 27775914756.0 3981313748.0 29325891864.0 
5407498704.0 16165616696.0 19502035488.0 9723338456.0 21370539512.0 22881646136.0 -1303808527800.0 8412678544.0 11450708528.0 21313355928.0 16683006464.0 6201985520.0 27861180464.0 21167051120.0 26245135880.0 17458026528.0 7231594200.0 9381453624.0 26799938312.0 26058072560.0 25223435568.0 9145419256.0 3486677784.0 17974503792.0 9309061640.0 25901426040.0 16513584888.0 22726216288.0 2890508504.0 16050337024.0 19063425232.0 6870242616.0 25153781096.0 20576356864.0 11892360464.0 6801500648.0 23405119264.0 23864412944.0 29147202768.0 22107842744.0 30007389872.0 97637928.0 10190236336.0 15462076112.0 30035069160.0 28046722944.0 24402181968.0 24509553272.0 16610918648.0 24848700592.0 12476363024.0 12703272352.0 8210710992.0 4882808904.0 761332504.0 3150876312.0 30027160792.0 21328868496.0 11122511256.0 10731655376.0 28520312520.0 19160150656.0 10738955408.0 29969064704.0 19807420160.0 9512854200.0 4789125160.0 21387268752.0 27351699064.0 11738755624.0 9352557664.0 12128394832.0 893341416.0 21691436752.0 13177774432.0 12808210312.0 10011993888.0 28076835576.0 4024446808.0 29643604944.0 
1966815696.0 5879758904.0 7093281312.0 3536573144.0 7772893688.0 8322513464.0 8412678544.0 -479574120888.0 4164852272.0 7752094872.0 6067943936.0 2255786480.0 10133669936.0 7698880880.0 9545882120.0 6349834272.0 2630275800.0 3412222776.0 9747674888.0 9477843440.0 9174269232.0 3326372344.0 1268174616.0 6537687408.0 3385892360.0 9420867960.0 6006321912.0 8265980512.0 1051335896.0 5837829376.0 6933749968.0 2498844984.0 9148934504.0 7484033536.0 4325489936.0 2473842152.0 8512911136.0 8679965456.0 10601422032.0 8041065656.0 10914289328.0 35512872.0 3706393264.0 5623867088.0 10924356840.0 10201155456.0 8875562832.0 8914615928.0 6041724152.0 9037970608.0 4537903376.0 4620434848.0 2986400208.0 1775975496.0 276911896.0 1146036888.0 10921480408.0 7757737104.0 4045480344.0 3903318224.0 10373409480.0 6968930944.0 3905973392.0 10900349696.0 7204355840.0 3460015800.0 1741900840.0 7778978448.0 9948361336.0 4269620776.0 3401712736.0 4411340368.0 324926184.0 7889610448.0 4793020768.0 4658602888.0 3641562912.0 10212108024.0 1463771992.0 10781973456.0 
2677082352.0 8003087848.0 9654843744.0 4813718728.0 10579881256.0 11327982568.0 11450708528.0 4164852272.0 -651256374664.0 10551571464.0 8259231232.0 3070407760.0 13793193232.0 10479140560.0 12993140440.0 8642919264.0 3580134600.0 4644462312.0 13267805656.0 12900531280.0 12487328784.0 4527609128.0 1726144392.0 8898610896.0 4608623320.0 12822980520.0 8175355944.0 11251034144.0 1430999752.0 7946016512.0 9437701616.0 3401240808.0 12452845048.0 10186706432.0 5887533232.0 3367208824.0 11587137632.0 11814519472.0 14429862384.0 10944896872.0 14855713936.0 48337464.0 5044865168.0 7654787056.0 14869417080.0 13885049472.0 12080751984.0 12133908136.0 8223542824.0 12301809296.0 6176654512.0 6288990176.0 4064864496.0 2417324952.0 376911752.0 1559899656.0 14865501896.0 10559251248.0 5506405128.0 5312904688.0 14119508760.0 9485587328.0 5316518704.0 14836740352.0 9806030080.0 4709514600.0 2370945080.0 10588163376.0 13540965032.0 5811488312.0 4630156832.0 6004386416.0 442265208.0 10738747376.0 6523901216.0 6340941656.0 4956622944.0 13899957288.0 1992376904.0 14675615472.0 
4982888952.0 14896253748.0 17970688944.0 8959838628.0 19692473556.0 21084924468.0 21313355928.0 7752094872.0 10551571464.0 -1203103934664.0 15373016832.0 5714990760.0 25673453832.0 19504963560.0 24184304940.0 16087180464.0 6663752100.0 8644799412.0 24695542956.0 24011930280.0 23242830984.0 8427299028.0 3212895492.0 16563102696.0 8578091820.0 23867584020.0 15216898644.0 20941699344.0 2663538852.0 14790026112.0 17566519416.0 6330774708.0 23178645948.0 18960652032.0 10958543832.0 6267430524.0 21567293232.0 21990522072.0 26858494584.0 20371881972.0 27651137736.0 89971164.0 9390074568.0 14247956856.0 27676643580.0 25844427072.0 22486064184.0 22585004436.0 15306589524.0 22897521096.0 11496689112.0 11705780976.0 7565986296.0 4499399052.0 701550852.0 2903461956.0 27669356196.0 19654074648.0 10249145028.0 9888980088.0 26280829260.0 17655649728.0 9895706904.0 27615821952.0 18252094080.0 8765882100.0 4413071580.0 19707889176.0 25203978132.0 10817000412.0 8618172432.0 11176044216.0 823194108.0 19988173176.0 12143024016.0 11802478956.0 9225828144.0 25872175188.0 3708437604.0 27315918072.0 
3900350976.0 11660026624.0 14066537472.0 7013304064.0 15414262528.0 16504201984.0 16683006464.0 6067943936.0 8259231232.0 15373016832.0 -945068117248.0 4473402880.0 20095868416.0 15267489280.0 18930238720.0 12592223232.0 5216044800.0 6766707456.0 19330409728.0 18795312640.0 18193300992.0 6596459264.0 2514890496.0 12964750848.0 6714492160.0 18682325760.0 11911011072.0 16392092672.0 2084882176.0 11576877056.0 13750174208.0 4955407104.0 18143060224.0 14841430016.0 8577788416.0 4905824512.0 16881775616.0 17213057536.0 21023457792.0 15946068736.0 21643898368.0 70424832.0 7350070784.0 11152572928.0 21663863040.0 20229697536.0 17600942592.0 17678387968.0 11981216512.0 17923010048.0 8999021056.0 9162687488.0 5922267648.0 3521899776.0 549138176.0 2272681728.0 21658158848.0 15384205824.0 8022507264.0 7740588544.0 20571290880.0 13819940864.0 7745853952.0 21616254976.0 14286807040.0 6861484800.0 3454327040.0 15426329088.0 19728386816.0 8466995456.0 6745865216.0 8748036608.0 644354304.0 15645721088.0 9504939008.0 9238377728.0 7221507072.0 20251417344.0 2902775552.0 21381505536.0 
1449973680.0 4334669320.0 5229300960.0 2607228520.0 5730324040.0 6135514120.0 6201985520.0 2255786480.0 3070407760.0 5714990760.0 4473402880.0 -354143878120.0 7470732880.0 5675760400.0 7037404600.0 4681217760.0 1939089000.0 2515555080.0 7186170040.0 6987245200.0 6763444560.0 2452264520.0 934922280.0 4819706640.0 2496143800.0 6945241800.0 4427973960.0 6093836960.0 775064680.0 4303758080.0 5111691440.0 1842195720.0 6744767320.0 5517370880.0 3188832880.0 1823763160.0 6275878880.0 6399034480.0 7815568560.0 5928025480.0 8046220240.0 26180760.0 2732423120.0 4146021040.0 8053642200.0 7520484480.0 6543232560.0 6572023240.0 4454073160.0 6662962640.0 3345428080.0 3406271840.0 2201630640.0 1309282680.0 204144680.0 844880040.0 8051521640.0 5719150320.0 2982404520.0 2877599920.0 7647473400.0 5137627520.0 2879557360.0 8035943680.0 5311187200.0 2550789000.0 1284162200.0 5734809840.0 7334119880.0 3147645080.0 2507806880.0 3252123440.0 239541720.0 5816369840.0 3533505440.0 3434410040.0 2684628960.0 7528558920.0 1079120360.0 7948674480.0 
6513716976.0 19472635624.0 23491589472.0 11712453064.0 25742335528.0 27562570984.0 27861180464.0 10133669936.0 13793193232.0 25673453832.0 20095868416.0 7470732880.0 -1564830554248.0 25497219280.0 31614133720.0 21029435232.0 8710969800.0 11300628456.0 32282432728.0 31388802640.0 30383422992.0 11016308264.0 4199951496.0 21651568848.0 11213427160.0 31200110760.0 19891788072.0 27375344672.0 3481823176.0 19333773056.0 22963252208.0 8275696104.0 30299519224.0 24785686016.0 14325194416.0 8192891512.0 28193131616.0 28746383536.0 35109879792.0 26630469736.0 36146036368.0 117611832.0 12274864784.0 18625170928.0 36179378040.0 33784273536.0 29394164592.0 29523500968.0 20009033512.0 29932028048.0 15028667056.0 15301995488.0 9890385648.0 5881690776.0 917079176.0 3795454728.0 36169851848.0 25692139824.0 13397856264.0 12927042544.0 34354745880.0 23079764864.0 12935835952.0 36099870976.0 23859447040.0 11458909800.0 5768842040.0 25762487088.0 32947067816.0 14140166456.0 11265821216.0 14609514608.0 1076093304.0 26128879088.0 15873567008.0 15428400728.0 12060159072.0 33820546344.0 4847732552.0 35707831536.0 
4948684080.0 14793998920.0 17847329760.0 8898334120.0 19557295240.0 20940187720.0 21167051120.0 7698880880.0 10479140560.0 19504963560.0 15267489280.0 5675760400.0 25497219280.0 -1194979159720.0 24018292600.0 15976750560.0 6618009000.0 8585457480.0 24526021240.0 23847101200.0 23083281360.0 8369450120.0 3190840680.0 16449405840.0 8519207800.0 23703745800.0 15112442760.0 20797945760.0 2645255080.0 14688500480.0 17445934640.0 6287317320.0 23019536920.0 18830497280.0 10883319280.0 6224407960.0 21419245280.0 21839568880.0 26674125360.0 20232039880.0 27461327440.0 89353560.0 9325616720.0 14150152240.0 27486658200.0 25667018880.0 22331709360.0 22429970440.0 15201517960.0 22740341840.0 11417770480.0 11625427040.0 7514049840.0 4468513080.0 696735080.0 2883531240.0 27479420840.0 19519159920.0 10178790120.0 9821097520.0 26100425400.0 17534453120.0 9827778160.0 27426254080.0 18126803200.0 8705709000.0 4382778200.0 19572605040.0 25030966280.0 10742747480.0 8559013280.0 11099326640.0 817543320.0 19850965040.0 12059668640.0 11721461240.0 9162497760.0 25694576520.0 3682981160.0 27128408880.0 
6135898920.0 18343155580.0 22128996240.0 11033090380.0 24249191260.0 25963846780.0 26245135880.0 9545882120.0 12993140440.0 24184304940.0 18930238720.0 7037404600.0 31614133720.0 24018292600.0 -1475898712480.0 19809655440.0 8205703500.0 10645153020.0 30409940260.0 29568143800.0 28621079640.0 10377324380.0 3956339820.0 20395703160.0 10563009700.0 29390396700.0 18737995740.0 25787480240.0 3279865420.0 18212347520.0 21631304360.0 7795677180.0 28542042580.0 23348030720.0 13494283720.0 7717675540.0 26557832720.0 27078994120.0 33073385640.0 25085810620.0 34049441560.0 110789940.0 11562880280.0 17544846760.0 34080849300.0 31824669120.0 27689201640.0 27811036060.0 18848440540.0 28195867160.0 14156952520.0 14414426960.0 9316709160.0 5540532420.0 863885420.0 3575305260.0 34071875660.0 24201907080.0 12620734380.0 12177229480.0 32362052100.0 21741058880.0 12185512840.0 34005953920.0 22475516800.0 10794253500.0 5434229300.0 24268173960.0 31036024220.0 13319988020.0 10612364720.0 13762112360.0 1013676180.0 24613313960.0 14952845360.0 14533500260.0 11360628240.0 31858837980.0 4566547340.0 33636654120.0 
4081544352.0 12201700848.0 14720007744.0 7339111728.0 16130342256.0 17270915568.0 17458026528.0 6349834272.0 8642919264.0 16087180464.0 12592223232.0 4681217760.0 21029435232.0 15976750560.0 19809655440.0 -988386899664.0 5458359600.0 7081059312.0 20228416656.0 19668461280.0 19038482784.0 6902902128.0 2631721392.0 13567036896.0 7026418320.0 19550225520.0 12464344944.0 17153598144.0 2181736752.0 12114688512.0 14388947616.0 5185613808.0 18985908048.0 15530898432.0 8976275232.0 5133727824.0 17666029632.0 18012701472.0 22000116384.0 16686853872.0 22649379936.0 73696464.0 7691523168.0 11670673056.0 22670272080.0 21169481472.0 18418605984.0 18499649136.0 12537811824.0 18755635296.0 9417076512.0 9588346176.0 6197390496.0 3685511952.0 574648752.0 2378260656.0 22664302896.0 16098889248.0 8395198128.0 8100182688.0 21526943760.0 14461955328.0 8105692704.0 22620452352.0 14950510080.0 7180239600.0 3614800080.0 16142969376.0 20644882032.0 8860335312.0 7059248832.0 9154432416.0 674288208.0 16372553376.0 9946497216.0 9667552656.0 7556986944.0 21192210288.0 3037625904.0 22374797472.0 
1690687800.0 5054279700.0 6097431600.0 3040061700.0 6681630900.0 7154087700.0 7231594200.0 2630275800.0 3580134600.0 6663752100.0 5216044800.0 1939089000.0 8710969800.0 6618009000.0 8205703500.0 5458359600.0 -412614364200.0 2933169300.0 8379165900.0 8147217000.0 7886262600.0 2859371700.0 1090131300.0 5619839400.0 2910535500.0 8098240500.0 5163074100.0 7105491600.0 903735300.0 5018236800.0 5960297400.0 2148023700.0 7864484700.0 6433324800.0 3718219800.0 2126531100.0 7317754800.0 7461355800.0 9113052600.0 6912153300.0 9381995400.0 30527100.0 3186040200.0 4834313400.0 9390649500.0 8768980800.0 7629492600.0 7663062900.0 5193506100.0 7769099400.0 3900811800.0 3971756400.0 2567129400.0 1526640300.0 238035300.0 985140900.0 9388176900.0 6668602200.0 3477521700.0 3355318200.0 8917051500.0 5990539200.0 3357600600.0 9370012800.0 6192912000.0 2974252500.0 1497349500.0 6686861400.0 8551677300.0 3670194300.0 2924134800.0 3792017400.0 279308700.0 6781961400.0 4120112400.0 4004565900.0 3130311600.0 8778395700.0 1258268100.0 9268255800.0 
2193307416.0 6556851684.0 7910119152.0 3943832724.0 8667993348.0 9280905444.0 9381453624.0 3412222776.0 4644462312.0 8644799412.0 6766707456.0 2515555080.0 11300628456.0 8585457480.0 10645153020.0 7081059312.0 2933169300.0 -534407284728.0 10870183548.0 10569279240.0 10230746472.0 3709425924.0 1414213236.0 7290544968.0 3775800060.0 10505742660.0 6697989252.0 9217862352.0 1172404116.0 6510093696.0 7732216728.0 2786603364.0 10202494284.0 8345869056.0 4823598456.0 2758721292.0 9493228656.0 9679520376.0 11822245272.0 8967047076.0 12171141288.0 39602412.0 4133208744.0 6271492248.0 12182368140.0 11375885376.0 9897642072.0 9941192388.0 6737468292.0 10078752168.0 5060472696.0 5152508208.0 3330303768.0 1980490716.0 308800116.0 1278010548.0 12179160468.0 8651091384.0 4511343924.0 4352810904.0 11567975580.0 7771449024.0 4355771832.0 12155596416.0 8033984640.0 3858459300.0 1942492140.0 8674778808.0 11093980356.0 4761295596.0 3793442256.0 4919335128.0 362343564.0 8798150808.0 5344968528.0 5195071548.0 4060912752.0 11388099204.0 1632334932.0 12023588376.0 
6265607208.0 18730916092.0 22596786576.0 11266321612.0 24761800924.0 26512702972.0 26799938312.0 9747674888.0 13267805656.0 24695542956.0 19330409728.0 7186170040.0 32282432728.0 24526021240.0 30409940260.0 20228416656.0 8379165900.0 10870183548.0 -1506455257888.0 30193192120.0 29226107736.0 10596693212.0 4039973868.0 20826852984.0 10786303780.0 30011687580.0 19134102876.0 26332608176.0 3349199308.0 18597342848.0 22088573864.0 7960471932.0 29145399892.0 23841590528.0 13779542728.0 7880821396.0 27119245328.0 27651423688.0 33772532136.0 25616105788.0 34769221144.0 113131956.0 11807310872.0 17915731624.0 34801292820.0 32497418688.0 28274530536.0 28398940444.0 19246882396.0 28791906584.0 14456219848.0 14719137104.0 9513657384.0 5657655108.0 882147308.0 3650884524.0 34792129484.0 24713517192.0 12887527212.0 12434646952.0 33046161540.0 22200648512.0 12443105416.0 34724814208.0 22950632320.0 11022435900.0 5549104820.0 24781184904.0 31692102428.0 13601562548.0 10836702128.0 14053033064.0 1035104532.0 25133620904.0 15268937264.0 14840727524.0 11600783376.0 32532309852.0 4663080716.0 34347707688.0 
6092165040.0 18212413960.0 21971270880.0 10954451560.0 24076354120.0 25778788360.0 26058072560.0 9477843440.0 12900531280.0 24011930280.0 18795312640.0 6987245200.0 31388802640.0 23847101200.0 29568143800.0 19668461280.0 8147217000.0 10569279240.0 30193192120.0 -1465589929960.0 28417081680.0 10303359560.0 3928140840.0 20250331920.0 10487721400.0 29180915400.0 18604439880.0 25603678880.0 3256488040.0 18082538240.0 21477126320.0 7740113160.0 28338607960.0 23181616640.0 13398102640.0 7662667480.0 26368540640.0 26885987440.0 32837653680.0 24907010440.0 33806752720.0 110000280.0 11480465360.0 17419795120.0 33837936600.0 31597837440.0 27491845680.0 27612811720.0 18714097480.0 27994899920.0 14056048240.0 14311687520.0 9250303920.0 5501042040.0 857728040.0 3549822120.0 33829026920.0 24029406960.0 12530779560.0 12090435760.0 32131390200.0 21586098560.0 12098660080.0 33763575040.0 22315321600.0 10717317000.0 5395496600.0 24095201520.0 30814813640.0 13225049240.0 10536724640.0 13664022320.0 1006451160.0 24437881520.0 14846268320.0 14429912120.0 11279654880.0 31631762760.0 4533999080.0 33396907440.0 
5897033712.0 17629072488.0 21267533664.0 10603581768.0 23305191336.0 24953096808.0 25223435568.0 9174269232.0 12487328784.0 23242830984.0 18193300992.0 6763444560.0 30383422992.0 23083281360.0 28621079640.0 19038482784.0 7886262600.0 10230746472.0 29226107736.0 28417081680.0 -1419557453064.0 9973344168.0 3802322952.0 19601716176.0 10151800920.0 28246254120.0 18008541864.0 24783596064.0 3152183112.0 17503356672.0 20789216496.0 7492198248.0 27430925688.0 22439112192.0 12968962992.0 7417233144.0 25523959392.0 26024832432.0 31785867504.0 24109241832.0 32723926416.0 106476984.0 11112747408.0 16861841136.0 32754111480.0 30585762432.0 26611285104.0 26728376616.0 18114687144.0 27098226576.0 13605834672.0 13853285856.0 8954017776.0 5324844312.0 830255112.0 3436121736.0 32745487176.0 23259747888.0 12129420168.0 11703180528.0 31102225560.0 20894698368.0 11711141424.0 32682131712.0 21600564480.0 10374042600.0 5222679480.0 23323435056.0 29827818792.0 12801452472.0 10199234592.0 13226365296.0 974214648.0 23655139056.0 14370744096.0 13967723736.0 10918368864.0 30618601128.0 4388775624.0 32327208432.0 
2138124504.0 6391883396.0 7711103088.0 3844607156.0 8449909412.0 9047400836.0 9145419256.0 3326372344.0 4527609128.0 8427299028.0 6596459264.0 2452264520.0 11016308264.0 8369450120.0 10377324380.0 6902902128.0 2859371700.0 3709425924.0 10596693212.0 10303359560.0 9973344168.0 -521055096600.0 1378632084.0 7107117192.0 3680802140.0 10241421540.0 6529469988.0 8985943888.0 1142906804.0 6346301824.0 7537676632.0 2716493316.0 9945802796.0 8135889664.0 4702238264.0 2689312748.0 9254382064.0 9435986744.0 11524801368.0 8741439044.0 11864919272.0 38606028.0 4029218536.0 6113703512.0 11875863660.0 11089671744.0 9648620568.0 9691075172.0 6567955748.0 9825173992.0 4933152824.0 5022872752.0 3246514392.0 1930662204.0 301030804.0 1245856212.0 11872736692.0 8433432696.0 4397839956.0 4243295576.0 11276929020.0 7575921856.0 4246182008.0 11849765504.0 7831852160.0 3761381700.0 1893619660.0 8456524152.0 10814859364.0 4641502924.0 3698000464.0 4795566232.0 353227116.0 8576792152.0 5210490832.0 5064365212.0 3958741488.0 11101578276.0 1591265908.0 11721078744.0 
815156856.0 2436896244.0 2939846832.0 1465750884.0 3221515668.0 3449308404.0 3486677784.0 1268174616.0 1726144392.0 3212895492.0 2514890496.0 934922280.0 4199951496.0 3190840680.0 3956339820.0 2631721392.0 1090131300.0 1414213236.0 4039973868.0 3928140840.0 3802322952.0 1378632084.0 -199504528008.0 2709578088.0 1403300460.0 3904527060.0 2489350932.0 3425878032.0 435731556.0 2419518336.0 2873728248.0 1035659124.0 3791822844.0 3101796096.0 1792721496.0 1025296572.0 3528219696.0 3597456216.0 4393813752.0 3332660916.0 4523483208.0 14718492.0 1536133704.0 2330840568.0 4527655740.0 4227921216.0 3678522552.0 3694708308.0 2504023572.0 3745833288.0 1880757336.0 1914962928.0 1237728888.0 736062156.0 114767556.0 474980868.0 4526463588.0 3215233944.0 1676670084.0 1617750264.0 4299312780.0 2888309184.0 1618850712.0 4517705856.0 2985882240.0 1434021300.0 721939740.0 3224037528.0 4123149396.0 1769566236.0 1409857296.0 1828302648.0 134667324.0 3269889528.0 1986492048.0 1930781868.0 1509264432.0 4232460564.0 606667812.0 4468644216.0 
4202292528.0 12562675272.0 15155483616.0 7556231592.0 16607541384.0 17781857352.0 17974503792.0 6537687408.0 8898610896.0 16563102696.0 12964750848.0 4819706640.0 21651568848.0 16449405840.0 20395703160.0 13567036896.0 5619839400.0 7290544968.0 20826852984.0 20250331920.0 19601716176.0 7107117192.0 2709578088.0 -1017225915048.0 7234287480.0 20128598280.0 12833089416.0 17661069216.0 2246281128.0 12473088768.0 14814629424.0 5339024712.0 19547586072.0 15990363648.0 9241828848.0 5285603736.0 18188660448.0 18545588208.0 22650966576.0 17180516808.0 23319437904.0 75876696.0 7919068752.0 12015937584.0 23340948120.0 21795758208.0 18963500976.0 19046941704.0 12908729736.0 19310500944.0 9695670768.0 9872007264.0 6380733744.0 3794543928.0 591649128.0 2448618984.0 23334802344.0 16575157872.0 8643561192.0 8339818032.0 22163795640.0 14889796992.0 8345491056.0 23289654528.0 15392805120.0 7392659400.0 3721740120.0 16620542064.0 21255639048.0 9122458968.0 7268089248.0 9425256624.0 694236312.0 16856918064.0 10240753824.0 9953556984.0 7780552416.0 21819159432.0 3127490856.0 23036732208.0 
2176382760.0 6506255740.0 7849080720.0 3913400140.0 8601106780.0 9209289340.0 9309061640.0 3385892360.0 4608623320.0 8578091820.0 6714492160.0 2496143800.0 11213427160.0 8519207800.0 10563009700.0 7026418320.0 2910535500.0 3775800060.0 10786303780.0 10487721400.0 10151800920.0 3680802140.0 1403300460.0 7234287480.0 -530312667040.0 10424675100.0 6646304220.0 9146732720.0 1163357260.0 6459858560.0 7672551080.0 2765100540.0 10123766740.0 8281468160.0 4786377160.0 2737433620.0 9419974160.0 9604828360.0 11731018920.0 8897852860.0 12077222680.0 39296820.0 4101314840.0 6223098280.0 12088362900.0 11288103360.0 9821266920.0 9864481180.0 6685478620.0 10000979480.0 5021423560.0 5112748880.0 3304605480.0 1965208260.0 306417260.0 1268148780.0 12085179980.0 8584335240.0 4476532140.0 4319222440.0 11478711300.0 7711480640.0 4322160520.0 12061797760.0 7971990400.0 3828685500.0 1927502900.0 8607839880.0 11008373660.0 4724555060.0 3764170160.0 4881375080.0 359547540.0 8730259880.0 5303724080.0 5154983780.0 4029576720.0 11300222940.0 1619739020.0 11930808360.0 
6055542360.0 18102931140.0 21839191920.0 10888599540.0 23931620580.0 25623820740.0 25901426040.0 9420867960.0 12822980520.0 23867584020.0 18682325760.0 6945241800.0 31200110760.0 23703745800.0 29390396700.0 19550225520.0 8098240500.0 10505742660.0 30011687580.0 29180915400.0 28246254120.0 10241421540.0 3904527060.0 20128598280.0 10424675100.0 -1456955044440.0 18492600420.0 25449763920.0 3236911860.0 17973836160.0 21348017880.0 7693583940.0 28168252140.0 23042261760.0 13317560760.0 7616603820.0 26210027760.0 26724363960.0 32640252120.0 24757283460.0 33603525480.0 109339020.0 11411451240.0 17315077080.0 33634521900.0 31407888960.0 27326580120.0 27446818980.0 18601598820.0 27826610280.0 13971551160.0 14225653680.0 9194696280.0 5467972860.0 852571860.0 3528482580.0 33625665780.0 23884955640.0 12455451540.0 12017754840.0 31938234300.0 21456335040.0 12025929720.0 33560607360.0 22181174400.0 10652890500.0 5363061900.0 23950354680.0 30629572260.0 13145547660.0 10473383760.0 13581881880.0 1000400940.0 24290974680.0 14757020880.0 14343167580.0 11211847920.0 31441610340.0 4506743220.0 33196143960.0 
3860741592.0 11541615108.0 13923687024.0 6942081588.0 15257725476.0 16336596228.0 16513584888.0 6006321912.0 8175355944.0 15216898644.0 11911011072.0 4427973960.0 19891788072.0 15112442760.0 18737995740.0 12464344944.0 5163074100.0 6697989252.0 19134102876.0 18604439880.0 18008541864.0 6529469988.0 2489350932.0 12833089416.0 6646304220.0 18492600420.0 -935591591064.0 16225625424.0 2063709492.0 11459309952.0 13610536536.0 4905083268.0 17958811308.0 14690710272.0 8490678072.0 4856004204.0 16710335472.0 17038253112.0 20809957464.0 15784131012.0 21424097256.0 69709644.0 7275428328.0 11039314776.0 21443859180.0 20024258112.0 17422199064.0 17498857956.0 11859543204.0 17740995816.0 8907632952.0 9069637296.0 5862125016.0 3486133692.0 543561492.0 2249601876.0 21438212916.0 15227974008.0 7941035988.0 7661980248.0 20362382460.0 13679594688.0 7667192184.0 21396734592.0 14141719680.0 6791804100.0 3419247180.0 15269669496.0 19528038372.0 8381010252.0 6677358672.0 8659197336.0 637810668.0 15486833496.0 9408413136.0 9144558876.0 7148170224.0 20045757348.0 2873296884.0 21164369112.0 
5313204192.0 15883725008.0 19161964224.0 9553785488.0 20997885776.0 22482642128.0 22726216288.0 8265980512.0 11251034144.0 20941699344.0 16392092672.0 6093836960.0 27375344672.0 20797945760.0 25787480240.0 17153598144.0 7105491600.0 9217862352.0 26332608176.0 25603678880.0 24783596064.0 8985943888.0 3425878032.0 17661069216.0 9146732720.0 25449763920.0 16225625424.0 -1281469358064.0 2840104592.0 15770455552.0 18731002336.0 6750441168.0 24715156208.0 20217551872.0 11684984672.0 6682897904.0 22996987072.0 23448271712.0 28638941664.0 21722332112.0 29484129056.0 95935344.0 10012541728.0 15192452576.0 29511325680.0 27557651712.0 23976663264.0 24082162256.0 16321261904.0 24415395616.0 12258803552.0 12481756096.0 8067534816.0 4797663792.0 748056592.0 3095932176.0 29503555216.0 20956941408.0 10928559888.0 10544519648.0 28022982960.0 18826041088.0 10551692384.0 29446472192.0 19462023680.0 9346971600.0 4705613680.0 21014323296.0 26874747472.0 11534058352.0 9189470272.0 11916903136.0 877763568.0 21313187296.0 12947983936.0 12584864176.0 9837407424.0 27587239248.0 3954269584.0 29126687712.0 
675777336.0 2020223764.0 2437177392.0 1215129604.0 2670685108.0 2859528724.0 2890508504.0 1051335896.0 1430999752.0 2663538852.0 2084882176.0 775064680.0 3481823176.0 2645255080.0 3279865420.0 2181736752.0 903735300.0 1172404116.0 3349199308.0 3256488040.0 3152183112.0 1142906804.0 435731556.0 2246281128.0 1163357260.0 3236911860.0 2063709492.0 2840104592.0 -165466768168.0 2005817216.0 2382364088.0 858577044.0 3143478364.0 2571435776.0 1486193176.0 849986332.0 2924947376.0 2982345496.0 3642537912.0 2762826196.0 3750035848.0 12201852.0 1273478024.0 1932302008.0 3753494940.0 3505010496.0 3049550712.0 3062968948.0 2075873332.0 3105352328.0 1559176216.0 1587533168.0 1026095928.0 610206636.0 95144036.0 393766308.0 3752506628.0 2665477464.0 1389984804.0 1341139384.0 3564195180.0 2394451904.0 1342051672.0 3745246336.0 2475341440.0 1188825300.0 598498940.0 2672775768.0 3418153076.0 1466997116.0 1168792976.0 1515690488.0 111641244.0 2710787768.0 1646831888.0 1600647308.0 1251202992.0 3508773684.0 502936772.0 3704573496.0 
3752438016.0 11217843584.0 13533092352.0 6747338624.0 14829707648.0 15878313344.0 16050337024.0 5837829376.0 7946016512.0 14790026112.0 11576877056.0 4303758080.0 19333773056.0 14688500480.0 18212347520.0 12114688512.0 5018236800.0 6510093696.0 18597342848.0 18082538240.0 17503356672.0 6346301824.0 2419518336.0 12473088768.0 6459858560.0 17973836160.0 11459309952.0 15770455552.0 2005817216.0 -909667340928.0 13228726528.0 4767483264.0 17455021184.0 14278598656.0 8252493056.0 4719780992.0 16241568256.0 16560286976.0 20226185472.0 15341346176.0 20823097088.0 67754112.0 7071334144.0 10729634048.0 20842304640.0 19462526976.0 16933462272.0 17007970688.0 11526852992.0 17243315968.0 8657751296.0 8815211008.0 5697677568.0 3388338816.0 528313216.0 2186494848.0 20836816768.0 14800790784.0 7718269824.0 7447042304.0 19791166080.0 13295847424.0 7452108032.0 20796502016.0 13745008640.0 6601276800.0 3323328640.0 14841316608.0 18980227456.0 8145901696.0 6490041856.0 8416284928.0 619918464.0 15052388608.0 9144483328.0 8888030848.0 6947645952.0 19483423104.0 2792693632.0 20570654976.0 
4456873488.0 13323740312.0 16073624736.0 8013999032.0 17613650264.0 18859107992.0 19063425232.0 6933749968.0 9437701616.0 17566519416.0 13750174208.0 5111691440.0 22963252208.0 17445934640.0 21631304360.0 14388947616.0 5960297400.0 7732216728.0 22088573864.0 21477126320.0 20789216496.0 7537676632.0 2873728248.0 14814629424.0 7672551080.0 21348017880.0 13610536536.0 18731002336.0 2382364088.0 13228726528.0 -1077953440728.0 5662470552.0 20731807112.0 16959083008.0 9801712208.0 5605813256.0 19290555808.0 19669106768.0 24023194896.0 18221337368.0 24732163184.0 80473416.0 8398817392.0 12743880464.0 24754976520.0 23116176768.0 20112337296.0 20200832984.0 13690759256.0 20480359024.0 10283048528.0 10470067744.0 6767287824.0 4024422888.0 627492088.0 2596959864.0 24748458424.0 17579304912.0 9167200632.0 8845056272.0 23506510440.0 15791842432.0 8851072976.0 24700575488.0 16325323520.0 7840517400.0 3947208520.0 17627438544.0 22543336408.0 9675110728.0 7708400608.0 9996252304.0 736294152.0 17878134544.0 10861153504.0 10556557864.0 8251909536.0 23140995672.0 3316958776.0 24432330768.0 
1606206744.0 4801725156.0 5792752368.0 2888154516.0 6347760132.0 6796608996.0 6870242616.0 2498844984.0 3401240808.0 6330774708.0 4955407104.0 1842195720.0 8275696104.0 6287317320.0 7795677180.0 5185613808.0 2148023700.0 2786603364.0 7960471932.0 7740113160.0 7492198248.0 2716493316.0 1035659124.0 5339024712.0 2765100540.0 7693583940.0 4905083268.0 6750441168.0 858577044.0 4767483264.0 5662470552.0 -392103995640.0 7471508556.0 6111861504.0 3532426104.0 2020271628.0 6952097904.0 7088523384.0 8657687448.0 6566763684.0 8913191592.0 29001708.0 3026838696.0 4592750232.0 8921413260.0 8330808384.0 7248258648.0 7280151492.0 4933994628.0 7380889512.0 3705894264.0 3773293872.0 2438853912.0 1450356444.0 226141044.0 935914932.0 8919064212.0 6335382456.0 3303755316.0 3187658136.0 8471480220.0 5691201216.0 3189826488.0 8901807744.0 5883461760.0 2825633700.0 1422529260.0 6352729272.0 8124363204.0 3486800364.0 2778020304.0 3602536152.0 265352076.0 6443077272.0 3914236752.0 3804463932.0 2973894768.0 8339752836.0 1195394388.0 8805135384.0 
5880749064.0 17580389836.0 21208803408.0 10574299996.0 23240834092.0 24884188876.0 25153781096.0 9148934504.0 12452845048.0 23178645948.0 18143060224.0 6744767320.0 30299519224.0 23019536920.0 28542042580.0 18985908048.0 7864484700.0 10202494284.0 29145399892.0 28338607960.0 27430925688.0 9945802796.0 3791822844.0 19547586072.0 10123766740.0 28168252140.0 17958811308.0 24715156208.0 3143478364.0 17455021184.0 20731807112.0 7471508556.0 -1415713098160.0 22377146624.0 12933149224.0 7396750468.0 25453475024.0 25952964904.0 31698090888.0 24042664204.0 32633559352.0 106182948.0 11082059576.0 16815277192.0 32663661060.0 30501299904.0 26537798088.0 26654566252.0 18064663468.0 27023394872.0 13568262184.0 13815030032.0 8929291272.0 5310139764.0 827962364.0 3426632892.0 32655060572.0 23195516136.0 12095924796.0 11670862216.0 31016336820.0 20836997696.0 11678801128.0 32591880064.0 21540914560.0 10345394700.0 5208257060.0 23259027432.0 29745449324.0 12766101284.0 10171069424.0 13189840712.0 971524356.0 23589815432.0 14331059312.0 13929151892.0 10888217808.0 30534047916.0 4376656028.0 32237936904.0 
4810584576.0 14381153024.0 17349276672.0 8650014464.0 19011523328.0 20355824384.0 20576356864.0 7484033536.0 10186706432.0 18960652032.0 14841430016.0 5517370880.0 24785686016.0 18830497280.0 23348030720.0 15530898432.0 6433324800.0 8345869056.0 23841590528.0 23181616640.0 22439112192.0 8135889664.0 3101796096.0 15990363648.0 8281468160.0 23042261760.0 14690710272.0 20217551872.0 2571435776.0 14278598656.0 16959083008.0 6111861504.0 22377146624.0 -1162157192448.0 10579606016.0 6050707712.0 20821513216.0 21230107136.0 25929748992.0 19667438336.0 26694983168.0 86860032.0 9065373184.0 13755273728.0 26719607040.0 24950747136.0 21708513792.0 21804032768.0 14777299712.0 22105742848.0 11099142656.0 11301004288.0 7304360448.0 4343813376.0 677291776.0 2803062528.0 26712571648.0 18974452224.0 9894737664.0 9547026944.0 25372058880.0 17045131264.0 9553521152.0 26660888576.0 17620951040.0 8462764800.0 4260471040.0 19026405888.0 24332444416.0 10442957056.0 8320162816.0 10789585408.0 794728704.0 19296997888.0 11723127808.0 11394358528.0 8906806272.0 24977535744.0 3580202752.0 26371355136.0 
2780336976.0 8311765624.0 10027229472.0 4999383064.0 10987945528.0 11764900984.0 11892360464.0 4325489936.0 5887533232.0 10958543832.0 8577788416.0 3188832880.0 14325194416.0 10883319280.0 13494283720.0 8976275232.0 3718219800.0 4823598456.0 13779542728.0 13398102640.0 12968962992.0 4702238264.0 1792721496.0 9241828848.0 4786377160.0 13317560760.0 8490678072.0 11684984672.0 1486193176.0 8252493056.0 9801712208.0 3532426104.0 12933149224.0 10579606016.0 -676148144248.0 3497081512.0 12034051616.0 12270203536.0 14986419792.0 11367039736.0 15428696368.0 50201832.0 5239444784.0 7950030928.0 15442928040.0 14420593536.0 12546704592.0 12601910968.0 8540723512.0 12776288048.0 6414887056.0 6531555488.0 4221645648.0 2510560776.0 391449176.0 1620064728.0 15438861848.0 10966519824.0 5718786264.0 5517822544.0 14664095880.0 9851444864.0 5521575952.0 15408990976.0 10184247040.0 4891159800.0 2462392040.0 10996547088.0 14063237816.0 6035636456.0 4808741216.0 6235974608.0 459323304.0 11152939088.0 6775527008.0 6585510728.0 5147799072.0 14436076344.0 2069222552.0 15241651536.0 
1590135432.0 4753680268.0 5734791504.0 2859256348.0 6284245996.0 6728603788.0 6801500648.0 2473842152.0 3367208824.0 6267430524.0 4905824512.0 1823763160.0 8192891512.0 6224407960.0 7717675540.0 5133727824.0 2126531100.0 2758721292.0 7880821396.0 7662667480.0 7417233144.0 2689312748.0 1025296572.0 5285603736.0 2737433620.0 7616603820.0 4856004204.0 6682897904.0 849986332.0 4719780992.0 5605813256.0 2020271628.0 7396750468.0 6050707712.0 3497081512.0 -388200913264.0 6882536912.0 7017597352.0 8571060744.0 6501058252.0 8824008376.0 28711524.0 2996552888.0 4546796296.0 8832147780.0 8247452352.0 7175734344.0 7207308076.0 4884626284.0 7307038136.0 3668813992.0 3735539216.0 2414451336.0 1435844532.0 223878332.0 926550396.0 8829822236.0 6271992168.0 3270698748.0 3155763208.0 8386716660.0 5634256448.0 3157909864.0 8812738432.0 5824593280.0 2797361100.0 1408295780.0 6289165416.0 8043072812.0 3451912292.0 2750224112.0 3566490056.0 262697028.0 6378609416.0 3875071856.0 3766397396.0 2944138704.0 8256307308.0 1183433564.0 8717033352.0 
5471926176.0 16358221424.0 19734391872.0 9839186864.0 21625158128.0 23154268784.0 23405119264.0 8512911136.0 11587137632.0 21567293232.0 16881775616.0 6275878880.0 28193131616.0 21419245280.0 26557832720.0 17666029632.0 7317754800.0 9493228656.0 27119245328.0 26368540640.0 25523959392.0 9254382064.0 3528219696.0 18188660448.0 9419974160.0 26210027760.0 16710335472.0 22996987072.0 2924947376.0 16241568256.0 19290555808.0 6952097904.0 25453475024.0 20821513216.0 12034051616.0 6882536912.0 -1319063853648.0 24148744736.0 29494476192.0 22371245936.0 30364911968.0 98801232.0 10311647584.0 15646298528.0 30392921040.0 28380884736.0 24692920992.0 24801571568.0 16808828912.0 25144759648.0 12625012256.0 12854625088.0 8308537248.0 4940984976.0 770403376.0 3188417328.0 30384918448.0 21582990624.0 11255030064.0 10859517344.0 28860116880.0 19388433664.0 10866904352.0 30326130176.0 20043415040.0 9626194800.0 4846185040.0 21642086688.0 27677580016.0 11878616656.0 9463988416.0 12272898208.0 903985104.0 21949878688.0 13334780608.0 12960813328.0 10131281472.0 28411356144.0 4072395952.0 29996792736.0 
