-2131688595808.0 1075156256.0 11512750624.0 14065347040.0 6869756320.0 18575478720.0 19360788256.0 11252861216.0 7034910592.0 10919634752.0 18954613792.0 2623599136.0 4870008480.0 16592265760.0 15215202048.0 7348489728.0 7631138912.0 6063826816.0 11408483616.0 1350024320.0 17605951168.0 17875566976.0 4186437088.0 10423393824.0 16199319200.0 16144656832.0 13012172448.0 4719832864.0 4005915104.0 17756515840.0 9983760544.0 11685491488.0 4518301856.0 11752798176.0 1315592864.0 11980395936.0 5735074496.0 15318690944.0 2093704864.0 1980878624.0 2105376544.0 9044384832.0 2932509600.0 846391328.0 7510726080.0 15382496128.0 7971562912.0 2889713440.0 14267461632.0 11824189952.0 15750737632.0 9885523904.0 17725974944.0 10973713536.0 9458534944.0 4334472896.0 12223166880.0 10010021824.0 18717289632.0 17999092256.0 14275826336.0 8601055520.0 258722240.0 13230821920.0 15535395136.0 11838195968.0 19441517376.0 11474817664.0 15425681344.0 17940539328.0 15625656128.0 6655191936.0 3358914976.0 13395587136.0 1495142208.0 2471478240.0 3078600128.0 17105041568.0 12100614240.0 14537077440.0 5329094560.0 9302523488.0 8066298048.0 300351232.0 8261215104.0 14912711008.0 17172542784.0 564909312.0 19362928064.0 9637111648.0 7215238048.0 17167290528.0 12771930368.0 19339001120.0 18776815200.0 16877054752.0 17584358560.0 3340045760.0 11562549792.0 4431153312.0 2978807264.0 3014794944.0 10032976128.0 8484533248.0 18520816352.0 1855213536.0 19211974336.0 14145492576.0 18910650464.0 7170885664.0 11973003872.0 5801603072.0 1260735968.0 16810137120.0 12292807904.0 18655429728.0 13125193216.0 19180266272.0 16904677728.0 6412031936.0 6209917344.0 6669003424.0 15093038464.0 842695296.0 3552664864.0 10624341248.0 17321551232.0 15375882176.0 3671910528.0 13558796128.0 15153147616.0 10763623296.0 144728832.0 13302408224.0 13045436736.0 3473491968.0 4831686464.0 10506457280.0 11908809632.0 17742120768.0 2415065120.0 11178940576.0 17829463840.0 13459392320.0 6476615232.0 13329058560.0 18233109440.0 8151112256.0 18690444768.0 8172704864.0 17767603936.0 13830551744.0 663924064.0 15248855392.0 14724796960.0 1011351072.0 2970248032.0 8604946080.0 11619741024.0 14207547008.0 10331187552.0 14928662304.0 14589600.0 9957499264.0 16543439232.0 15673510016.0 5957809056.0 7859903840.0 18777787840.0 12962178752.0 14044532544.0 12949339904.0 1807554176.0 7737545728.0 11253639328.0 6938619232.0 6714133920.0 11845588032.0 18067760640.0 7097743136.0 10354725440.0 11787424160.0 11576361280.0 1565561344.0 6534779104.0 14872832768.0 14596019424.0 17341976672.0 17912138240.0 10949981120.0 10062544384.0 15166570048.0 16566393536.0 2924533952.0 12636149824.0 16354941600.0 5126396384.0 19079306240.0 14912516480.0 18092076640.0 
1075156256.0 -243218199528.0 1308417764.0 1598518940.0 780744020.0 2111092920.0 2200342916.0 1278881476.0 799513712.0 1241010472.0 2154181412.0 298170596.0 553473780.0 1885701860.0 1729199328.0 835151808.0 867274732.0 689150576.0 1296567876.0 153429520.0 2000906648.0 2031548336.0 475786268.0 1184612964.0 1841043700.0 1834831352.0 1478826228.0 536406404.0 455270044.0 2018018240.0 1134648884.0 1328049668.0 513502516.0 1335699036.0 149516404.0 1361565396.0 651788056.0 1740960784.0 237948404.0 225125764.0 239274884.0 1027889352.0 333278100.0 96191908.0 853589880.0 1748212208.0 905963732.0 328414340.0 1621489152.0 1343812672.0 1790062652.0 1123484344.0 2014547284.0 1247156496.0 1074957284.0 492610456.0 1389156180.0 1137633464.0 2127209652.0 2045586916.0 1622439796.0 977505220.0 29403640.0 1503675620.0 1765589096.0 1345404448.0 2209517736.0 1304106704.0 1753120184.0 2038932408.0 1775847208.0 756358896.0 381738836.0 1522401096.0 169922088.0 280882140.0 349881208.0 1943978548.0 1375228140.0 1652130840.0 605648660.0 1057226668.0 916730328.0 34134752.0 938882544.0 1694821388.0 1951650024.0 64201632.0 2200586104.0 1095252428.0 820007828.0 1951053108.0 1451522848.0 2197866820.0 2133974700.0 1918067972.0 1998452660.0 379594360.0 1314077412.0 503598132.0 338539804.0 342629784.0 1140242208.0 964262528.0 2104880572.0 210843996.0 2183430296.0 1607627436.0 2149185004.0 814967204.0 1360725292.0 659348992.0 143281948.0 1910462820.0 1397070844.0 2120179308.0 1491670976.0 2179826692.0 1921207308.0 728723896.0 705753684.0 757928564.0 1715315504.0 95771856.0 403758404.0 1207450528.0 1968584752.0 1747460536.0 417310608.0 1540949708.0 1722146876.0 1223279856.0 16448352.0 1511811364.0 1482606696.0 394760448.0 549118504.0 1194053080.0 1353429652.0 2016382248.0 274470820.0 1270480436.0 2026308740.0 1529652520.0 736063752.0 1514840160.0 2072182840.0 926369416.0 2124158748.0 928823404.0 2019278396.0 1571834584.0 75454604.0 1733024012.0 1673465060.0 114939492.0 337567052.0 977947380.0 1320577164.0 1614679888.0 1174133772.0 1696634244.0 1658100.0 1131664304.0 1880152752.0 1781285776.0 677101716.0 893273740.0 2134085240.0 1473144472.0 1596153384.0 1471685344.0 205427536.0 879367808.0 1278969908.0 788570252.0 763057620.0 1346244552.0 2053391040.0 806654596.0 1176808840.0 1339634260.0 1315647080.0 177925184.0 742674044.0 1690289248.0 1658829564.0 1970906092.0 2035704640.0 1244459320.0 1143602624.0 1723672328.0 1882761496.0 332371672.0 1436091464.0 1858730100.0 582612124.0 2168352640.0 1694799280.0 2056154540.0 
11512750624.0 1308417764.0 -2591673283720.0 17116907260.0 8360190580.0 22605538680.0 23561225764.0 13694236004.0 8561176048.0 13288714088.0 23066929348.0 3192804484.0 5926585620.0 20192055940.0 18516230112.0 8942788032.0 9286759628.0 7379409904.0 13883621604.0 1642920080.0 21425666392.0 21753776944.0 5094709372.0 12684810756.0 19713857300.0 19647335608.0 15835240212.0 5743828516.0 4875022076.0 21608896960.0 12149796436.0 14220727972.0 5498574164.0 14302637244.0 1601018516.0 14579613684.0 6979332824.0 18642171536.0 2547946516.0 2410641956.0 2562150436.0 11006617608.0 3568734900.0 1030020932.0 9140222520.0 18719819632.0 9701040628.0 3516653860.0 17362871808.0 14389517888.0 19167953308.0 12030246776.0 21571730036.0 13354525584.0 11510620036.0 5274862424.0 14875055220.0 12181755256.0 22778116308.0 21904101764.0 17373051284.0 10467105380.0 314853560.0 16101326980.0 18905890984.0 14406562592.0 23659469544.0 13964347216.0 18772374136.0 21832845432.0 19015734632.0 8099075184.0 4087651444.0 16301838984.0 1819522152.0 3007680060.0 3746520632.0 20816081492.0 14725914060.0 17690982360.0 6485273140.0 11320760972.0 9816329112.0 365514208.0 10053534576.0 18148111852.0 20898227496.0 687469728.0 23563829816.0 11727940012.0 8780626612.0 20891835732.0 15542876192.0 23534711780.0 22850556300.0 20538631588.0 21399389140.0 4064688440.0 14071113348.0 5392518228.0 3625077116.0 3668872536.0 12209689632.0 10325302912.0 22539016988.0 2257713084.0 23380125784.0 17214440844.0 23013427916.0 8726651716.0 14570617868.0 7060295168.0 1534260092.0 20457195780.0 14959805276.0 22702835532.0 15972781504.0 23341538468.0 20572247532.0 7803160184.0 7557195636.0 8115883156.0 18367562416.0 1025523024.0 4323436516.0 12929354912.0 21079564208.0 18711770744.0 4468553232.0 16500457132.0 18440712604.0 13098855024.0 176128608.0 16188444356.0 15875721384.0 4227086592.0 5879949416.0 12785895320.0 14492496308.0 21591378792.0 2939027780.0 13604277844.0 21697671460.0 16379487080.0 7881755208.0 16220876640.0 22188890360.0 9919544264.0 22745447292.0 9945821516.0 21622390684.0 16831171736.0 807966316.0 18557184748.0 17919428740.0 1230769668.0 3614660908.0 10471840020.0 14140712556.0 17289958352.0 12572599788.0 18167523876.0 17754900.0 12117837616.0 20132636208.0 19073970704.0 7250390964.0 9565156460.0 22851739960.0 15774400088.0 17091576936.0 15758775776.0 2199713744.0 9416252032.0 13695182932.0 8443993708.0 8170804980.0 14415558408.0 21987668160.0 8637640484.0 12601244360.0 14344775540.0 14087921320.0 1905219136.0 7952538076.0 18099581792.0 17762712156.0 21104421068.0 21798282560.0 13325644280.0 12245672896.0 18457047112.0 20160570584.0 3559028888.0 15377637256.0 19903242900.0 6238598396.0 23218674560.0 18147875120.0 22017259660.0 
14065347040.0 1598518940.0 17116907260.0 -3162501541360.0 10213804300.0 27617617800.0 28785198940.0 16730509340.0 10459352080.0 16235075480.0 28181307580.0 3900710140.0 7240622700.0 24669019900.0 22621631520.0 10925574720.0 11345811380.0 9015565840.0 16961885340.0 2007186800.0 26176145320.0 26577004240.0 6224303620.0 15497275260.0 24084795500.0 24003524680.0 19346215020.0 7017344860.0 5955907460.0 26400001600.0 14843638060.0 17373734620.0 6717712940.0 17473804740.0 1955994860.0 17812192140.0 8526784040.0 22775496560.0 3112874860.0 2945127260.0 3130228060.0 13446994680.0 4359991500.0 1258396220.0 11166784200.0 22870360720.0 11851946380.0 4296363100.0 21212551680.0 17579948480.0 23417854180.0 14697581960.0 26354594060.0 16315478640.0 14062744060.0 6444400040.0 18173138700.0 14882682760.0 27828459180.0 26760658940.0 21224988140.0 12787862300.0 384662600.0 19671298300.0 23097687640.0 17600772320.0 28905225240.0 17060509360.0 22934567560.0 26673603720.0 23231885720.0 9894794640.0 4993961740.0 19916267640.0 2222944920.0 3674540100.0 4577195720.0 25431403820.0 17990930100.0 21613410600.0 7923181900.0 13830789620.0 11992796520.0 446555680.0 12282594960.0 22171894420.0 25531763160.0 839894880.0 28788380360.0 14328248020.0 10727459020.0 25523954220.0 18989028320.0 28752806300.0 27916960500.0 25092437980.0 26144041900.0 4965907400.0 17190947580.0 6588142380.0 4428825860.0 4482331560.0 14916810720.0 12614619520.0 27536346980.0 2758291140.0 28563945640.0 21031210740.0 28115943860.0 10661516860.0 17801201780.0 8625697280.0 1874434820.0 24992946300.0 18276679460.0 27736487220.0 19514251840.0 28516802780.0 25133507220.0 9533269640.0 9232770060.0 9915329260.0 22440001360.0 1252901040.0 5282024860.0 15796039520.0 25753305680.0 22860527240.0 5459316720.0 20158923220.0 22529370340.0 16003121040.0 215179680.0 19777731260.0 19395671640.0 5164312320.0 7183646360.0 15620772200.0 17705759180.0 26378599320.0 3590666300.0 16620605740.0 26508459100.0 20011131800.0 9629290680.0 19817354400.0 27108590600.0 12118896440.0 27788546820.0 12150999860.0 26416487140.0 20562963560.0 987107860.0 22671666580.0 21892507900.0 1503654780.0 4416100180.0 12793646700.0 17275978260.0 21123471920.0 15360184980.0 22195610460.0 21691500.0 14804593360.0 24596425680.0 23303033840.0 8857940940.0 11685934100.0 27918406600.0 19271885480.0 20881105560.0 19252796960.0 2687432240.0 11504014720.0 16731666220.0 10316188180.0 9982428300.0 17611762680.0 26862753600.0 10552770140.0 15395180600.0 17525285900.0 17211482200.0 2327642560.0 9715767460.0 22112604320.0 21701044260.0 25783673780.0 26631377600.0 16280193800.0 14960772160.0 22549326520.0 24630553640.0 4348133480.0 18787152760.0 24316171500.0 7621814660.0 28366697600.0 22171605200.0 26898906100.0 
6869756320.0 780744020.0 8360190580.0 10213804300.0 -1549845108280.0 13488917400.0 14059184020.0 8171467220.0 5108526640.0 7929488840.0 13764233140.0 1905173620.0 3536444100.0 12048771700.0 11048792160.0 5336237760.0 5541488540.0 4403356720.0 8284475220.0 980344400.0 12784877560.0 12980663920.0 3040056460.0 7569134580.0 11763426500.0 11723732440.0 9449022660.0 3427391380.0 2908967180.0 12894212800.0 7249886980.0 8485629460.0 3281046020.0 8534505420.0 955341380.0 8699779620.0 4164627320.0 11123942480.0 1520381380.0 1438450580.0 1528856980.0 6567742440.0 2129494500.0 614622260.0 5454048600.0 11170275760.0 5788693540.0 2098417300.0 10360573440.0 8586347840.0 11437680940.0 7178550680.0 12872034980.0 7968759120.0 6868484980.0 3147555320.0 8876072100.0 7268957080.0 13591895940.0 13070364020.0 10366647620.0 6245810900.0 187875800.0 9607798900.0 11281306120.0 8596518560.0 14117806920.0 8332644880.0 11201635480.0 13027844760.0 11346850760.0 4832787120.0 2439136420.0 9727446120.0 1085724360.0 1794708300.0 2235580760.0 12421133060.0 8787078300.0 10556359800.0 3869817700.0 6755194460.0 5857487160.0 218105440.0 5999029680.0 10829132860.0 12470150280.0 410219040.0 14060737880.0 6998161660.0 5239474660.0 12466336260.0 9274566560.0 14043362900.0 13635121500.0 12255576340.0 12769197700.0 2425434200.0 8396353140.0 3217761540.0 2163114380.0 2189247480.0 7285625760.0 6161196160.0 13449223340.0 1347196620.0 13951120120.0 10272003420.0 13732308380.0 5207267380.0 8694411740.0 4212938240.0 915506060.0 12206982900.0 8926643180.0 13546975260.0 9531094720.0 13928094740.0 12275635260.0 4656212120.0 4509442980.0 4842816580.0 10960080880.0 611938320.0 2579831380.0 7715056160.0 12578355440.0 11165472920.0 2666423760.0 9845963260.0 11003730220.0 7816198320.0 105097440.0 9659782580.0 9473178120.0 2522338560.0 3508615880.0 7629452600.0 8647795940.0 12883759560.0 1753742900.0 8117788420.0 12947185300.0 9773779400.0 4703110440.0 9679135200.0 13240299800.0 5919076520.0 13572402060.0 5934756380.0 12902264620.0 10043303480.0 482120380.0 11073230140.0 10692675700.0 734410740.0 2156898940.0 6248636100.0 8437883580.0 10317065360.0 7502177340.0 10840716180.0 10594500.0 7230816880.0 12013315440.0 11381600720.0 4326370020.0 5707610300.0 13635827800.0 9412718840.0 10198689480.0 9403395680.0 1312587920.0 5618757760.0 8172032260.0 5038602940.0 4875588900.0 8601886440.0 13120228800.0 5154153620.0 7519269800.0 8559649700.0 8406382600.0 1136860480.0 4745347180.0 10800174560.0 10599161580.0 12593187740.0 13007220800.0 7951525400.0 7307097280.0 11013477160.0 12029984120.0 2123702840.0 9175967080.0 11876434500.0 3722624780.0 13854780800.0 10828991600.0 13137886300.0 
18575478720.0 2111092920.0 22605538680.0 27617617800.0 13488917400.0 -4167719489880.0 38015332920.0 22095240120.0 13813201440.0 21440942640.0 37217800440.0 5151494520.0 9562368600.0 32579278200.0 29875383360.0 14428920960.0 14983908840.0 11906457120.0 22400808120.0 2650802400.0 34569671760.0 35099068320.0 8220161160.0 20466562680.0 31807719000.0 31700388240.0 25549686360.0 9267495480.0 7865702280.0 34865308800.0 19603333080.0 22944719160.0 8871784920.0 23076877320.0 2583195480.0 23523770520.0 11260944720.0 30078586080.0 4111035480.0 3889498680.0 4133953080.0 17758848240.0 5758047000.0 1661907960.0 14747475600.0 30203868960.0 15652338840.0 5674015800.0 28014474240.0 23217056640.0 30926919240.0 19410443280.0 34805341080.0 21547127520.0 18572041080.0 8510832720.0 24000456600.0 19654897680.0 36751809240.0 35341612920.0 28030898520.0 16888361400.0 508006800.0 25979009400.0 30504089520.0 23244557760.0 38173846320.0 22531056480.0 30288664080.0 35226642960.0 30681318960.0 13067615520.0 6595303320.0 26302529520.0 2935744560.0 4852801800.0 6044898960.0 33586124760.0 23759821800.0 28543870800.0 10463794200.0 18265709160.0 15838353360.0 589746240.0 16221077280.0 29281435560.0 33718664880.0 1109211840.0 38019534480.0 18922680360.0 14167278360.0 33708351960.0 25077965760.0 37972553400.0 36868689000.0 33138467640.0 34527274200.0 6558253200.0 22703320440.0 8700666840.0 5848953480.0 5919616080.0 19699968960.0 16659567360.0 36366029640.0 3642752520.0 37723133520.0 27774985320.0 37131477480.0 14080191480.0 23509256040.0 11391575040.0 2475482760.0 33007073400.0 24137198280.0 36630345960.0 25771605120.0 37660874040.0 33192705960.0 12590165520.0 12193309080.0 13094734680.0 29635512480.0 1654650720.0 6975735480.0 20861127360.0 34011246240.0 30190882320.0 7209876960.0 26622993960.0 29753538120.0 21134610720.0 284178240.0 26119570680.0 25615001520.0 6820277760.0 9487122480.0 20629659600.0 23383209240.0 34837043760.0 4742033400.0 21950095320.0 35008543800.0 26427812400.0 12716976240.0 26171899200.0 35801110800.0 16004887920.0 36699098760.0 16047285480.0 34887080520.0 27156592080.0 1303629480.0 29941462440.0 28912462200.0 1985810040.0 5832147240.0 16896000600.0 22815616680.0 27896830560.0 20285513640.0 29312756280.0 28647000.0 19551768480.0 32483406240.0 30775281120.0 11698288920.0 15433093800.0 36870598800.0 25451522640.0 27576748080.0 25426313280.0 3549172320.0 15192840960.0 22096767960.0 13624131240.0 13183349400.0 23259072240.0 35476444800.0 13936574520.0 20331730800.0 23144866200.0 22730439600.0 3074014080.0 12831182280.0 29203133760.0 28659604680.0 34051352040.0 35170876800.0 21500528400.0 19758026880.0 29779893360.0 32528477520.0 5742386640.0 24811357680.0 32113287000.0 10065791880.0 37462636800.0 29281053600.0 35524189800.0 
19360788256.0 2200342916.0 23561225764.0 28785198940.0 14059184020.0 38015332920.0 -4342309663528.0 23029353476.0 14397177712.0 22347394472.0 38791245412.0 5369282596.0 9966633780.0 33956621860.0 31138415328.0 15038927808.0 15617378732.0 12409822576.0 23347839876.0 2762869520.0 36031162648.0 36582940336.0 8567682268.0 21331820964.0 33152443700.0 33040575352.0 26629842228.0 9659294404.0 8198238044.0 36339298240.0 20432096884.0 23914745668.0 9246854516.0 24052491036.0 2692404404.0 24518277396.0 11737020056.0 31350208784.0 4284836404.0 4053933764.0 4308722884.0 18509633352.0 6001478100.0 1732167908.0 15370949880.0 31480788208.0 16314067732.0 5913894340.0 29198833152.0 24198596672.0 32234406652.0 20231052344.0 36276795284.0 22458068496.0 19357205284.0 8870642456.0 25015116180.0 20485841464.0 38305553652.0 36835738916.0 29215951796.0 17602345220.0 529483640.0 27077315620.0 31793701096.0 24227260448.0 39787709736.0 23483594704.0 31569168184.0 36715908408.0 31978423208.0 13620070896.0 6874130836.0 27414513096.0 3059858088.0 5057962140.0 6300457208.0 35006034548.0 24764308140.0 29750610840.0 10906168660.0 19037922668.0 16507946328.0 614678752.0 16906850544.0 30519357388.0 35144178024.0 1156105632.0 39626874104.0 19722668428.0 14766223828.0 35133429108.0 26138178848.0 39577906820.0 38427374700.0 34539451972.0 35986972660.0 6835514360.0 23663141412.0 9068502132.0 6096227804.0 6169877784.0 20532818208.0 17363878528.0 37903464572.0 3796755996.0 39317942296.0 28949219436.0 38701273004.0 14675455204.0 24503149292.0 11873172992.0 2580137948.0 34402502820.0 25157638844.0 38178955308.0 26861142976.0 39253050692.0 34595983308.0 13122435896.0 12708801684.0 13648336564.0 30888403504.0 1724603856.0 7270646404.0 21743066528.0 35449128752.0 31467252536.0 7514686608.0 27748525708.0 31011418876.0 22028111856.0 296192352.0 27223819364.0 26697918696.0 7108616448.0 9888206504.0 21501813080.0 24371773652.0 36309838248.0 4942510820.0 22878072436.0 36488588740.0 27545092520.0 13254607752.0 27278360160.0 37314662840.0 16681521416.0 38250614748.0 16725711404.0 36361990396.0 28304682584.0 1358742604.0 31207288012.0 30134785060.0 2069763492.0 6078711052.0 17610307380.0 23780185164.0 29076215888.0 21143117772.0 30552002244.0 29858100.0 20378352304.0 33856696752.0 32076357776.0 12192853716.0 16085553740.0 38429365240.0 26527528472.0 28742601384.0 26501253344.0 3699219536.0 15835143808.0 23030945908.0 14200114252.0 13740697620.0 24242388552.0 36976271040.0 14525766596.0 21191288840.0 24123354260.0 23691407080.0 3203973184.0 13373642044.0 30437745248.0 29871237564.0 35490930092.0 36657784640.0 22409499320.0 20593330624.0 31038888328.0 33903673496.0 5985155672.0 25860299464.0 33470930100.0 10491340124.0 39046432640.0 30518959280.0 37026034540.0 
11252861216.0 1278881476.0 13694236004.0 16730509340.0 8171467220.0 22095240120.0 23029353476.0 -2533477855848.0 8367915632.0 12988733992.0 22546215332.0 3120729956.0 5792798580.0 19736239460.0 18098243808.0 8740913088.0 9077119852.0 7212826736.0 13570212036.0 1605832720.0 20942002328.0 21262706096.0 4979701148.0 12398463204.0 19268835700.0 19203815672.0 15477774708.0 5614167044.0 4764973084.0 21121096640.0 11875526324.0 13899708548.0 5374449076.0 13979768796.0 1564877044.0 14250492756.0 6821781016.0 18221342224.0 2490429044.0 2356224004.0 2504312324.0 10758153672.0 3488174100.0 1006769188.0 8933890680.0 18297237488.0 9482048852.0 3437268740.0 16970921472.0 14064688192.0 18735254972.0 11758675384.0 21084768724.0 13053059856.0 11250778724.0 5155787416.0 14539264980.0 11906763704.0 22263921972.0 21409637476.0 16980871156.0 10230820420.0 307746040.0 15737854820.0 18479108456.0 14081348128.0 23125379496.0 13649115344.0 18348605624.0 21339989688.0 18586472488.0 7916246256.0 3995376596.0 15933840456.0 1778448168.0 2939784540.0 3661946488.0 20346178228.0 14393490540.0 17291625240.0 6338874260.0 11065205548.0 9594734808.0 357263072.0 9826585584.0 17738435468.0 20426469864.0 671950752.0 23031898744.0 11463192908.0 8582412308.0 20420222388.0 15192010528.0 23003438020.0 22334726700.0 20074991492.0 20916318260.0 3972931960.0 13753471332.0 5270787252.0 3543244444.0 3586051224.0 11934067488.0 10092219008.0 22030220092.0 2206747356.0 22852341656.0 16825841196.0 22493921644.0 8529655844.0 14241700012.0 6900915712.0 1499625628.0 19995394020.0 14622101884.0 22190340588.0 15612211136.0 22814625412.0 20107848588.0 7627011256.0 7386599124.0 7932674804.0 17952932144.0 1002372816.0 4225839044.0 12637487008.0 20603713072.0 18289370296.0 4367679888.0 16127974988.0 18024431036.0 12803160816.0 172152672.0 15823005604.0 15517342056.0 4131664128.0 5747215144.0 12497265880.0 14165341972.0 21103973928.0 2872682020.0 13297174196.0 21207867140.0 16009735720.0 7703832072.0 15854705760.0 21687997240.0 9695619976.0 22231990428.0 9721304044.0 21134285756.0 16451224024.0 789727244.0 18138273932.0 17514914660.0 1202986212.0 3533063372.0 10235448180.0 13821499404.0 16899653968.0 12288785292.0 17757409284.0 17354100.0 11844288944.0 19678161072.0 18643393936.0 7086720276.0 9349232140.0 22335883640.0 15418307992.0 16705750824.0 15403036384.0 2150057296.0 9203689088.0 13386027188.0 8253378572.0 7986356820.0 14090140872.0 21491317440.0 8442653956.0 12316783240.0 14020955860.0 13769899880.0 1862210624.0 7773017084.0 17691000928.0 17361735804.0 20628008812.0 21306207040.0 13024830520.0 11969238464.0 18040396808.0 19705464856.0 3478687192.0 15030501704.0 19453946100.0 6097767964.0 22694535040.0 17738204080.0 21520240940.0 
7034910592.0 799513712.0 8561176048.0 10459352080.0 5108526640.0 13813201440.0 14397177712.0 8367915632.0 -1586981774224.0 8120119904.0 14095135984.0 1950975472.0 3621462960.0 12338433520.0 11314413696.0 5464525056.0 5674710224.0 4509216832.0 8483640432.0 1003912640.0 13092235936.0 13292729152.0 3113141776.0 7751102448.0 12046228400.0 12005580064.0 9676184496.0 3509788528.0 2978901008.0 13204199680.0 7424179888.0 8689630576.0 3359924912.0 8739681552.0 978308528.0 8908929072.0 4264748192.0 11391370688.0 1556932528.0 1473032048.0 1565611888.0 6725636064.0 2180689200.0 629398256.0 5585168160.0 11438817856.0 5927858224.0 2148864880.0 10609649664.0 8792770304.0 11712651664.0 7351128608.0 13181488688.0 8160334272.0 7033608688.0 3223224992.0 9089459760.0 7443708448.0 13918655664.0 13384585712.0 10615869872.0 6395965040.0 192392480.0 9838777840.0 11552517472.0 8803185536.0 14457209952.0 8532968128.0 11470931488.0 13341044256.0 11619637856.0 4948971072.0 2497775152.0 9961301472.0 1111826016.0 1837854480.0 2289325856.0 12719746736.0 8998326480.0 10810142880.0 3962851120.0 6917594576.0 5998305696.0 223348864.0 6143251008.0 11089473616.0 12769942368.0 420081024.0 14398768928.0 7166402896.0 5365435696.0 12766036656.0 9497534336.0 14380976240.0 13962920400.0 12550209904.0 13076179120.0 2483743520.0 8598207984.0 3295119024.0 2215117328.0 2241878688.0 7460777856.0 6309316096.0 13772553104.0 1379584272.0 14286515872.0 10518950352.0 14062443728.0 5332454128.0 8903432144.0 4314220544.0 937515536.0 12500448240.0 9141246608.0 13872655056.0 9760229632.0 14262936944.0 12570751056.0 4768151072.0 4617853488.0 4959241648.0 11223569728.0 626649792.0 2641852528.0 7900532096.0 12880748864.0 11433899552.0 2730526656.0 10082667856.0 11268268432.0 8004105792.0 107624064.0 9892011248.0 9700920672.0 2582977536.0 3592965728.0 7812870560.0 8855695664.0 13193495136.0 1795904240.0 8312946352.0 13258445680.0 10008748640.0 4816176864.0 9911829120.0 13558606880.0 6061375712.0 13898693136.0 6077432528.0 13212445072.0 10284752288.0 493710928.0 11339439184.0 10949735920.0 752066544.0 2208752464.0 6398858160.0 8640736848.0 10565095616.0 7682535504.0 11101335408.0 10849200.0 7404651328.0 12302124864.0 11655223232.0 4430379312.0 5844825680.0 13963643680.0 9639007904.0 10443873888.0 9629460608.0 1344143552.0 5753837056.0 8368494256.0 5159734864.0 4992801840.0 8808682464.0 13435649280.0 5278063472.0 7700038880.0 8765430320.0 8608478560.0 1164191488.0 4859429008.0 11059819136.0 10853973648.0 12895937744.0 13319924480.0 8142686240.0 7482765568.0 11278249696.0 12319194272.0 2174758304.0 9396564448.0 12161953200.0 3812119568.0 14187860480.0 11089328960.0 13453731280.0 
10919634752.0 1241010472.0 13288714088.0 16235075480.0 7929488840.0 21440942640.0 22347394472.0 12988733992.0 8120119904.0 -2458839622824.0 21878563304.0 3028317032.0 5621258760.0 19151798120.0 17562307776.0 8482071936.0 8808322744.0 6999236192.0 13168362792.0 1558279840.0 20321855216.0 20633062112.0 4832239256.0 12031312488.0 18698235400.0 18635140784.0 15019437576.0 5447916968.0 4623869848.0 20495646080.0 11523861128.0 13488102056.0 5215297672.0 13565791512.0 1518536968.0 13828498632.0 6619770352.0 17681760928.0 2416680968.0 2286450088.0 2430153128.0 10439576784.0 3384880200.0 976956136.0 8669334960.0 17755408736.0 9201260744.0 3335482280.0 16468368384.0 13648196224.0 18180455384.0 11410470448.0 20460393928.0 12666524832.0 10917613928.0 5003111152.0 14108719560.0 11554173488.0 21604629384.0 20775642472.0 16478023432.0 9927859240.0 298632880.0 15271816040.0 17931894032.0 13664362816.0 22440576912.0 13244929568.0 17805255728.0 20708057136.0 18036078736.0 7681825632.0 3877063112.0 15461998032.0 1725783696.0 2852729880.0 3553506736.0 19743675016.0 13967261880.0 16779575280.0 6151163720.0 10737536056.0 9310609776.0 346683584.0 9535594848.0 17213154296.0 19821589008.0 652052544.0 22349864368.0 11123737976.0 8328264776.0 19815526536.0 14742135616.0 22322246440.0 21673337400.0 19480518824.0 20296931720.0 3855283120.0 13346195304.0 5114705544.0 3438319768.0 3479858928.0 11580668736.0 9793362176.0 21377848024.0 2141399832.0 22175624432.0 16327584312.0 21827818168.0 8277070568.0 13819966264.0 6696561664.0 1455217816.0 19403278440.0 14189103448.0 21533226936.0 15149892992.0 22139025064.0 19512402936.0 7401155632.0 7167862728.0 7697767688.0 17421299168.0 972689952.0 4100700968.0 12263258176.0 19993583584.0 17747774512.0 4238341536.0 15650383736.0 17490680792.0 12424025952.0 167054784.0 15354445288.0 15057833232.0 4009314816.0 5577025168.0 12127189360.0 13745869384.0 20479030416.0 2787614440.0 12903410312.0 20579847080.0 15535645840.0 7475701584.0 15385206720.0 21045759280.0 9408507472.0 21573643416.0 9433430968.0 20508444632.0 15964060528.0 766341368.0 17601152504.0 16996252520.0 1167362664.0 3428440184.0 9932349960.0 13412208888.0 16399211296.0 11924882424.0 17231566248.0 16840200.0 11493548768.0 19095439584.0 18091314592.0 6876864072.0 9072377080.0 21674460080.0 14961731824.0 16211050128.0 14946912448.0 2086388512.0 8931143936.0 12989632136.0 8008974584.0 7749860040.0 13672895184.0 20854903680.0 8192645032.0 11952051280.0 13605758920.0 13362137360.0 1807065728.0 7542837848.0 17167124416.0 16847609688.0 20017159864.0 20675274880.0 12639131440.0 11614798208.0 17506173776.0 19121934832.0 3375674224.0 14585409488.0 18877864200.0 5917197208.0 22022490880.0 17212929760.0 20882970680.0 
18954613792.0 2154181412.0 23066929348.0 28181307580.0 13764233140.0 37217800440.0 38791245412.0 22546215332.0 14095135984.0 21878563304.0 -4252025153224.0 5256639172.0 9757541460.0 33244238020.0 30485155296.0 14723422656.0 15289738124.0 12149474032.0 22858020132.0 2704906640.0 35275256536.0 35815458352.0 8387938876.0 20884295748.0 32456930900.0 32347409464.0 26071168596.0 9456649828.0 8026245308.0 35576927680.0 20003447188.0 23413032676.0 9052862612.0 23547888252.0 2635919828.0 24003902772.0 11490786392.0 30692505488.0 4194943828.0 3968885348.0 4218329188.0 18121315464.0 5875571700.0 1695828356.0 15048479160.0 30820345456.0 15971811124.0 5789825380.0 28586264064.0 23690928704.0 31558153564.0 19806620408.0 35515735988.0 21986915472.0 18951105988.0 8684543192.0 24490318260.0 20056064248.0 37501932564.0 36062953412.0 28603023572.0 17233061540.0 518375480.0 26509254340.0 31126693672.0 23718991136.0 38952994152.0 22990926928.0 30906871288.0 35945636856.0 31307540456.0 13334332272.0 6729916852.0 26839377672.0 2995664616.0 4951849980.0 6168278456.0 34271634836.0 24244771980.0 29126465880.0 10677365620.0 18638521676.0 16161622296.0 601783264.0 16552157808.0 29879084716.0 34406880168.0 1131851424.0 38795532728.0 19308901996.0 14456439796.0 34396356756.0 25589819936.0 38747592740.0 37621197900.0 33814840804.0 35231993620.0 6692110520.0 23166706884.0 8878251924.0 5968333628.0 6040438488.0 20102055456.0 16999597696.0 37108279004.0 3717102972.0 38493082072.0 28341887052.0 37889350028.0 14367575428.0 23989092044.0 11624082944.0 2526008636.0 33680764740.0 24629850908.0 37377990156.0 26297616832.0 38429551844.0 33870186156.0 12847137272.0 12442180788.0 13362004948.0 30240388528.0 1688422992.0 7118113828.0 21286913696.0 34705433264.0 30807093752.0 7357034256.0 27166382956.0 30360823132.0 21565978992.0 289978464.0 26652684548.0 26137816872.0 6959483136.0 9680759528.0 21050721560.0 23860472564.0 35548085736.0 4838820740.0 22398108052.0 35723086180.0 26967217640.0 12976536264.0 26706081120.0 36531829880.0 16331555912.0 37448146236.0 16374818828.0 35599143772.0 27710872088.0 1330237228.0 30552583084.0 29502580420.0 2026341444.0 5951184364.0 17240856660.0 23281295148.0 28466219216.0 20699551404.0 29911044708.0 29231700.0 19950830128.0 33146409264.0 31403420432.0 11937057012.0 15748091180.0 37623146680.0 25971001304.0 28139603688.0 25945277408.0 3621612752.0 15502934656.0 22547774356.0 13902206764.0 13452428340.0 23733801864.0 36200537280.0 14221027172.0 20746711880.0 23617264820.0 23194379560.0 3136756288.0 13093073308.0 29799184736.0 29244561948.0 34746357644.0 35888732480.0 21939365240.0 20161298368.0 30387716296.0 33192400472.0 5859591704.0 25317770248.0 32768735700.0 10271239868.0 38227268480.0 29878694960.0 36249256780.0 
2623599136.0 298170596.0 3192804484.0 3900710140.0 1905173620.0 5151494520.0 5369282596.0 3120729956.0 1950975472.0 3028317032.0 5256639172.0 -593072266888.0 1350588180.0 4601494660.0 4219596768.0 2037939648.0 2116326092.0 1681667056.0 3163888356.0 374399120.0 4882617688.0 4957389616.0 1161014908.0 2890695684.0 4492519700.0 4477360312.0 3608635668.0 1308940324.0 1110951164.0 4924373440.0 2768773204.0 3240710308.0 1253050196.0 3259376316.0 364850324.0 3322495476.0 1590494936.0 4248297104.0 580642324.0 549352484.0 583879204.0 2508258312.0 813266100.0 234727748.0 2082932280.0 4265992048.0 2210735092.0 801397540.0 3956762112.0 3279175232.0 4368115612.0 2741529464.0 4915903604.0 3043314576.0 2623113604.0 1202069336.0 3389822580.0 2776056184.0 5190822612.0 4991646596.0 3959081876.0 2385310820.0 71750840.0 3669273220.0 4308395176.0 3283059488.0 5391671016.0 3182284624.0 4277968504.0 4975408248.0 4333427048.0 1845668976.0 931520116.0 3714967176.0 414644328.0 685409340.0 853781048.0 4743701588.0 3355835340.0 4031534040.0 1477905460.0 2579847308.0 2237007768.0 83295712.0 2291063664.0 4135707628.0 4762421544.0 156664992.0 5369876024.0 2672637868.0 2000985268.0 4760964948.0 3542009888.0 5363240420.0 5207330700.0 4680474532.0 4876629460.0 926287160.0 3206615172.0 1228881492.0 826105724.0 836086104.0 2782422048.0 2352995968.0 5136335132.0 514502076.0 5328012376.0 3922936716.0 5244446924.0 1988685124.0 3320445452.0 1608945152.0 349636988.0 4661916420.0 3409135964.0 5173667148.0 3639979456.0 5319218852.0 4688135148.0 1778233976.0 1722182004.0 1849499284.0 4185717424.0 233702736.0 985252324.0 2946423968.0 4803745712.0 4264157816.0 1018322448.0 3760229548.0 4202387356.0 2985050736.0 40137312.0 3689126084.0 3617860776.0 963295488.0 1339960424.0 2913731480.0 3302642612.0 4920381288.0 669764420.0 3100229716.0 4944603940.0 3732662120.0 1796144712.0 3696516960.0 5056546040.0 2260529096.0 5183377788.0 2266517324.0 4927448476.0 3835594904.0 184124524.0 4228929772.0 4083593860.0 280475652.0 823732012.0 2386389780.0 3222475884.0 3940146128.0 2865124332.0 4140131364.0 4046100.0 2761490224.0 4587953712.0 4346698256.0 1652265396.0 2179768940.0 5207600440.0 3594771032.0 3894937704.0 3591210464.0 501284816.0 2145835648.0 3120945748.0 1924271212.0 1862015220.0 3285109512.0 5010690240.0 1968400676.0 2871652040.0 3268979060.0 3210445480.0 434173504.0 1812275164.0 4124648288.0 4047880284.0 4809410252.0 4967531840.0 3036732920.0 2790622144.0 4206109768.0 4594319576.0 811054232.0 3504354184.0 4535678100.0 1421691644.0 5291219840.0 4135653680.0 5017433740.0 
4870008480.0 553473780.0 5926585620.0 7240622700.0 3536444100.0 9562368600.0 9966633780.0 5792798580.0 3621462960.0 5621258760.0 9757541460.0 1350588180.0 -1099723260120.0 8541441300.0 7832550240.0 3782888640.0 3928392060.0 3121564080.0 5872910580.0 694971600.0 9063270840.0 9202064880.0 2155112940.0 5365801620.0 8339158500.0 8311019160.0 6698464740.0 2429696820.0 2062183020.0 9140779200.0 5139485220.0 6015509940.0 2325951780.0 6050158380.0 677246820.0 6167322180.0 2952327480.0 7885824720.0 1077806820.0 1019725620.0 1083815220.0 4655909160.0 1509610500.0 435709140.0 3866405400.0 7918670640.0 4103637060.0 1487579700.0 7344668160.0 6086909760.0 8108235660.0 5088914520.0 9125057220.0 5649097680.0 4869107220.0 2231319480.0 6292296900.0 5153004120.0 9635370660.0 9265653780.0 7348974180.0 4427690100.0 133186200.0 6811022100.0 7997380680.0 6094119840.0 10008191880.0 5907058320.0 7940901720.0 9235511640.0 8043845640.0 3425989680.0 1729117380.0 6895840680.0 769676040.0 1272278700.0 1584815640.0 8805410340.0 6229208700.0 7483462200.0 2743335300.0 4788794940.0 4152405240.0 154616160.0 4252745520.0 7676832540.0 8840158920.0 290806560.0 9967735320.0 4961035740.0 3714292740.0 8837455140.0 6574791840.0 9955418100.0 9666013500.0 8688046260.0 9052155300.0 1719403800.0 5952221460.0 2281089060.0 1533443820.0 1551969720.0 5164820640.0 4367706240.0 9534229260.0 955035180.0 9890026680.0 7281880380.0 9734909820.0 3691460820.0 6163516860.0 2986575360.0 649007340.0 8653598100.0 6328147020.0 9603526140.0 6756646080.0 9873703860.0 8702266140.0 3300814680.0 3196769220.0 3433099620.0 7769662320.0 433806480.0 1828856820.0 5469246240.0 8916866160.0 7915265880.0 1890242640.0 6979858140.0 7800605580.0 5540946480.0 74504160.0 6847873620.0 6715588680.0 1788099840.0 2487277320.0 5408561400.0 6130470660.0 9133368840.0 1243238100.0 5754745380.0 9178331700.0 6928686600.0 3334061160.0 6861592800.0 9386122200.0 4196066280.0 9621551340.0 4207181820.0 9146487180.0 7119753720.0 341777820.0 7849874460.0 7580097300.0 520627860.0 1529037660.0 4429692900.0 5981662620.0 7313825040.0 5318335260.0 7685044020.0 7510500.0 5125966320.0 8516306160.0 8068480080.0 3066987780.0 4046156700.0 9666514200.0 6672728760.0 7229907720.0 6666119520.0 930500880.0 3983168640.0 5793199140.0 3571893660.0 3456332100.0 6097925160.0 9301003200.0 3653808180.0 5330452200.0 6067983300.0 5959331400.0 805926720.0 3364003020.0 7656303840.0 7513804620.0 8927380860.0 9220891200.0 5636880600.0 5180041920.0 7807515240.0 8528122680.0 1505504760.0 6504894120.0 8419270500.0 2638989420.0 9821731200.0 7676732400.0 9313520700.0 
16592265760.0 1885701860.0 20192055940.0 24669019900.0 12048771700.0 32579278200.0 33956621860.0 19736239460.0 12338433520.0 19151798120.0 33244238020.0 4601494660.0 8541441300.0 -3726230805640.0 26685734880.0 12888415680.0 13384150220.0 10635262960.0 20009183460.0 2367789200.0 30878837080.0 31351712560.0 7342534780.0 18281447940.0 28411764500.0 28315892920.0 22821871380.0 8278050340.0 7025919740.0 31142910400.0 17510381140.0 20495023780.0 7924587860.0 20613072060.0 2307400340.0 21012252660.0 10058668760.0 26867242640.0 3672120340.0 3474235940.0 3692591140.0 15862822920.0 5143288500.0 1484474180.0 13172959800.0 26979149680.0 13981215220.0 5068228900.0 25023505920.0 20738285120.0 27625003420.0 17338085240.0 31089345140.0 19246646160.0 16589195140.0 7602172760.0 21438045300.0 17556440440.0 32827998420.0 31568361860.0 25038176660.0 15085273700.0 453769400.0 23205357700.0 27247317160.0 20762850080.0 34098211560.0 20125525840.0 27054891640.0 31465666680.0 27405624680.0 11672450160.0 5891155060.0 23494337160.0 2622309480.0 4334691900.0 5399514680.0 30000298580.0 21223101900.0 25496381400.0 9346626100.0 16315568780.0 14147369880.0 526781920.0 14489232240.0 26155199980.0 30118688040.0 990786720.0 33960374840.0 16902398380.0 12654707380.0 30109476180.0 22400514080.0 33918409700.0 32932399500.0 29600435620.0 30840966100.0 5858060600.0 20279398020.0 7771739220.0 5224489340.0 5287607640.0 17596699680.0 14880906880.0 32483406620.0 3253833660.0 33695619160.0 24809586060.0 33167131340.0 12576918340.0 20999287820.0 10175352320.0 2211187580.0 29483069700.0 21560187740.0 32719503180.0 23020096960.0 33640006820.0 29648883180.0 11245975160.0 10891489140.0 11696673940.0 26471473840.0 1477991760.0 6230970340.0 18633886880.0 30380031920.0 26967549560.0 6440113680.0 23780587180.0 26576898460.0 18878171760.0 253837920.0 23330911940.0 22880213160.0 6092110080.0 8474228840.0 18427131800.0 20886698420.0 31117663080.0 4235749700.0 19606591060.0 31270852900.0 23606244200.0 11359246920.0 23377653600.0 31978801400.0 14296124360.0 32780915580.0 14333995340.0 31162357660.0 24257215640.0 1164447340.0 26744759020.0 25825620100.0 1773794820.0 5209477420.0 15092097300.0 20379704940.0 24918422480.0 18119728620.0 26183176740.0 25588500.0 17464321840.0 29015311920.0 27489554960.0 10449319860.0 13785377900.0 32934105400.0 22734188120.0 24632513640.0 22711670240.0 3170244560.0 13570775680.0 19737604180.0 12169549420.0 11775827700.0 20775814920.0 31688798400.0 12448634660.0 18161011400.0 20673802100.0 20303621800.0 2745816640.0 11461259740.0 26085258080.0 25599758940.0 30415855820.0 31415854400.0 19205022200.0 17648559040.0 26600439880.0 29055571160.0 5129300120.0 22162370440.0 28684708500.0 8991116540.0 33462934400.0 26154858800.0 31731445900.0 
