-1582117380592.0 21815258248.0 1777641208.0 2093851928.0 29245016920.0 13424934936.0 25124433264.0 13576179120.0 8820787528.0 975778552.0 25711212968.0 22751659616.0 28527874872.0 2011816128.0 15256868928.0 10635419424.0 23523989384.0 29481876648.0 3856577536.0 12355784728.0 1891894704.0 7326244408.0 27321799456.0 28908520984.0 15406323240.0 9419201400.0 27640694984.0 14538235320.0 3100356616.0 4104773120.0 5720430912.0 20038511976.0 909553288.0 21301564984.0 26583775568.0 26371974048.0 9412340224.0 28307123992.0 9436205184.0 16828376544.0 16827183296.0 18974433072.0 14751230088.0 14748545280.0 7930326208.0 24321377360.0 29436234912.0 23749811568.0 27104330008.0 25171864872.0 1526462504.0 13533818816.0 4085084528.0 23284444848.0 13950858992.0 8206563120.0 13757254504.0 3427604880.0 22197097608.0 23908513552.0 13281745176.0 18616160360.0 29021581232.0 10283411264.0 21788708480.0 26080523224.0 26850466496.0 27361474952.0 11837020160.0 9759575392.0 3359888056.0 580515152.0 11602546928.0 5511314200.0 20557873168.0 13117971888.0 14336874720.0 1028281464.0 24823734768.0 3442222168.0 5305478920.0 19739006728.0 529802112.0 29136133040.0 9807603624.0 2433032672.0 21909524840.0 25220489728.0 16556912624.0 21986191024.0 27494820416.0 11995722144.0 26859415856.0 18168095736.0 20290883928.0 26962035184.0 13261758272.0 17597723192.0 27604300920.0 19588657480.0 
21815258248.0 -1551801767740.0 1743102844.0 2053169804.0 28676806060.0 13164097548.0 24636282552.0 13312403160.0 8649405604.0 956819836.0 25211661524.0 22309610288.0 27973597596.0 1972727904.0 14960438304.0 10428780432.0 23066934212.0 28909063764.0 3781646848.0 12115720204.0 1855136472.0 7183900444.0 26790955408.0 28346848012.0 15106988820.0 9236192700.0 27103655012.0 14255767260.0 3040118788.0 4025020160.0 5609286816.0 19649177268.0 891881284.0 20887690012.0 26067270824.0 25859584464.0 9229464832.0 27757135756.0 9252866112.0 16501412592.0 16500242528.0 18605772696.0 14464623684.0 14461991040.0 7776245344.0 23848829480.0 28864308816.0 23288368824.0 26577711244.0 24682792596.0 1496804372.0 13270865888.0 4005714104.0 22832043864.0 13679803256.0 8047115160.0 13489960372.0 3361008840.0 21765823044.0 23443987336.0 13023689868.0 18254460980.0 28457711576.0 10083611552.0 21365368640.0 25573796332.0 26328780128.0 26829860036.0 11607034880.0 9569953456.0 3294607708.0 569236136.0 11377117304.0 5404233100.0 20158447624.0 12863098584.0 14058318960.0 1008302652.0 24341426424.0 3375342124.0 5202397060.0 19355491204.0 519508416.0 28570037720.0 9617048532.0 2385760496.0 21483837620.0 24730472704.0 16235223032.0 21559014232.0 26960614688.0 11762653392.0 26337555608.0 17815101948.0 19896645804.0 26438181112.0 13004091296.0 17255811356.0 27067968060.0 19208063140.0 
1777641208.0 1743102844.0 -128051401660.0 167304884.0 2336762260.0 1072691508.0 2007515592.0 1084776360.0 704806684.0 77967556.0 2054401004.0 1817924048.0 2279460516.0 160749984.0 1219068384.0 849801072.0 1879635452.0 2355688044.0 308151808.0 987263284.0 151167912.0 585388324.0 2183091568.0 2309875252.0 1231010220.0 752621700.0 2208572252.0 1161647460.0 247727548.0 327983360.0 457079136.0 1601135628.0 72675964.0 1702057252.0 2124121304.0 2107197744.0 752073472.0 2261821876.0 753980352.0 1344636432.0 1344541088.0 1516112616.0 1178666364.0 1178451840.0 633656224.0 1943349080.0 2352041136.0 1897679304.0 2165715124.0 2011305516.0 121968812.0 1081391648.0 326410184.0 1860495144.0 1114714376.0 655728360.0 1099244812.0 273875640.0 1773612924.0 1910360056.0 1061250228.0 1487485580.0 2318909096.0 821674592.0 1740981440.0 2083909972.0 2145430688.0 2186261756.0 945812480.0 779818576.0 268464868.0 46384856.0 927077384.0 440370100.0 1642634104.0 1048164264.0 1145558160.0 82162692.0 1983488904.0 275043604.0 423923260.0 1577204284.0 42332736.0 2328062120.0 783656172.0 194406416.0 1750635020.0 2015190784.0 1322945672.0 1756760872.0 2196916448.0 958493232.0 2146145768.0 1451683908.0 1621300884.0 2154345352.0 1059653216.0 1406109476.0 2205664260.0 1565190940.0 
2093851928.0 2053169804.0 167304884.0 -150799705500.0 2752430660.0 1263504228.0 2364616872.0 1277738760.0 830179244.0 91836596.0 2419842364.0 2141300368.0 2684935956.0 189344544.0 1435918944.0 1000965552.0 2213989132.0 2774723004.0 362966528.0 1162879844.0 178057992.0 689518484.0 2571424688.0 2720760932.0 1449985020.0 886499700.0 2601437932.0 1368283860.0 291793868.0 386325760.0 538385376.0 1885949148.0 85603724.0 2004822932.0 2501964664.0 2482030704.0 885853952.0 2664159716.0 888100032.0 1583823312.0 1583711008.0 1785802056.0 1388330124.0 1388077440.0 746372384.0 2289036280.0 2770427376.0 2235242664.0 2550957284.0 2369080956.0 143664892.0 1273751968.0 384472744.0 2191444104.0 1313002216.0 772370760.0 1294780892.0 322593240.0 2089107084.0 2250179096.0 1250027748.0 1752082780.0 2731401736.0 967835872.0 2050671040.0 2454600452.0 2527064608.0 2575158796.0 1114055680.0 918534416.0 316219988.0 54635896.0 1091987944.0 518704100.0 1934829464.0 1234614024.0 1349332560.0 96777972.0 2336316264.0 323968964.0 499331660.0 1857760844.0 49862976.0 2742182920.0 923054652.0 228987856.0 2062041820.0 2373657344.0 1558274152.0 2069257352.0 2587708768.0 1128992112.0 2527906888.0 1709912628.0 1909701444.0 2537565032.0 1248146656.0 1656231316.0 2598012660.0 1843610540.0 
29245016920.0 28676806060.0 2336762260.0 2752430660.0 -2070541943260.0 17647476420.0 33026815080.0 17846291400.0 11595187660.0 1282689940.0 33798154460.0 29907733520.0 37500740340.0 2644592160.0 20055608160.0 13980575280.0 30922983980.0 38754804060.0 5069585920.0 16242046660.0 2486951880.0 9630566260.0 35915318320.0 38001110980.0 20252070300.0 12381820500.0 36334515980.0 19110942900.0 4075511020.0 5395846400.0 7519676640.0 26341220220.0 1195634860.0 28001540980.0 34945163960.0 34666744560.0 12372801280.0 37210556740.0 12404172480.0 22121401680.0 22119833120.0 24942456840.0 19390930860.0 19387401600.0 10424649760.0 31971174200.0 38694806640.0 31219833960.0 35629448260.0 33089165340.0 2006580380.0 17790607520.0 5369965160.0 30608095560.0 18338819240.0 10787771400.0 18084320380.0 4505688600.0 29178745260.0 31428452440.0 17459249220.0 24471496700.0 38149732040.0 13517850080.0 28641905600.0 34283623780.0 35295737120.0 35967472940.0 15560115200.0 12829252240.0 4416672820.0 763104440.0 15251893160.0 7244786500.0 27023935960.0 17243964360.0 18846248400.0 1351706580.0 32631537960.0 4524903460.0 6974209900.0 25947511660.0 696440640.0 38300313800.0 12892386780.0 3198293840.0 28800722300.0 33153084160.0 21764554280.0 28901502280.0 36142759520.0 15768733680.0 35307501320.0 23882502420.0 26672970660.0 35442397480.0 17432975840.0 23132730740.0 36286674900.0 25749873100.0 
13424934936.0 13164097548.0 1072691508.0 1263504228.0 17647476420.0 -960029377692.0 15160970664.0 8192346120.0 5322774828.0 588819252.0 15515054268.0 13729155216.0 17214727572.0 1214000928.0 9206533728.0 6417787824.0 14195206284.0 17790405948.0 2327195136.0 7455917028.0 1141636104.0 4420914708.0 16486939056.0 17444422884.0 9296719740.0 5683878900.0 16679371884.0 8772884820.0 1870864716.0 2476965120.0 3451910112.0 12091946076.0 548856588.0 12854116884.0 16041589368.0 15913780848.0 5679738624.0 17081518692.0 5694139584.0 10154836944.0 10154116896.0 11449843272.0 8901413388.0 8899793280.0 4785439008.0 14676378360.0 17762864112.0 14331475368.0 16355710308.0 15189592572.0 921121404.0 8166784416.0 2465084328.0 14050656648.0 8418441192.0 4952130120.0 8301613404.0 2068337880.0 13394512908.0 14427241752.0 8014674276.0 11233648860.0 17512647432.0 6205373664.0 13148076480.0 15737909124.0 16202520096.0 16510880652.0 7142876160.0 5889272592.0 2027475156.0 350303352.0 7001386728.0 3325721700.0 12405346968.0 7915847688.0 8651376720.0 620501364.0 14979518568.0 2077158468.0 3201513420.0 11911214028.0 319701312.0 17581772040.0 5918254524.0 1468177872.0 13220981340.0 15218934528.0 9991026024.0 13267244424.0 16591346016.0 7238642544.0 16207920456.0 10963270836.0 12244236228.0 16269844584.0 8002613472.0 10619087892.0 16657410420.0 11820487980.0 
25124433264.0 24636282552.0 2007515592.0 2364616872.0 33026815080.0 15160970664.0 -1783458794736.0 15331772880.0 9961441272.0 1101960648.0 29036039832.0 25693773984.0 32216936328.0 2271972672.0 17229799872.0 12010730976.0 26565977016.0 33294304152.0 4355288064.0 13953564072.0 2136543696.0 8273632392.0 30854898144.0 32646805416.0 17398580760.0 10637238600.0 31215031416.0 16418236680.0 3501276984.0 4635578880.0 6460164288.0 22629777624.0 1027171512.0 24056161416.0 30021437232.0 29782246752.0 10629490176.0 31967639208.0 10656441216.0 19004525856.0 19003178304.0 21428098128.0 16658774712.0 16655742720.0 8955830592.0 27466478640.0 33242760288.0 26821001232.0 30609306792.0 28426946328.0 1723855896.0 15283934784.0 4613344272.0 26295455952.0 15754904208.0 9267788880.0 15536263896.0 3870843120.0 25067499192.0 27000225648.0 14999264424.0 21023495640.0 32774485968.0 11613203136.0 24606299520.0 29453107176.0 30322615104.0 30899704248.0 13367715840.0 11021627808.0 3794369544.0 655584048.0 13102921872.0 6224005800.0 23216299632.0 14814312912.0 16190837280.0 1161252936.0 28033798032.0 3887350632.0 5991553080.0 22291542072.0 598313088.0 32903850960.0 11075866776.0 2747658528.0 24742739160.0 28481859072.0 18697957776.0 24829319376.0 31050293184.0 13546940256.0 30332721744.0 20517489864.0 22914784872.0 30448611216.0 14976692928.0 19873360008.0 31173931080.0 22121750520.0 
13576179120.0 13312403160.0 1084776360.0 1277738760.0 17846291400.0 8192346120.0 15331772880.0 -970752693360.0 5382740760.0 595452840.0 15689845560.0 13883826720.0 17408667240.0 1227677760.0 9310253760.0 6490090080.0 14355128280.0 17990831160.0 2353413120.0 7539914760.0 1154497680.0 4470720360.0 16672679520.0 17640950280.0 9401455800.0 5747913000.0 16867280280.0 8871719400.0 1891941720.0 2504870400.0 3490799040.0 12228172920.0 555039960.0 12998930280.0 16222312560.0 16093064160.0 5743726080.0 17273957640.0 5758289280.0 10269240480.0 10268512320.0 11578836240.0 9001695960.0 9000057600.0 4839351360.0 14841721200.0 17962979040.0 14492932560.0 16539972360.0 15360717240.0 931498680.0 8258790720.0 2492855760.0 14208950160.0 8513282640.0 5007920400.0 8395138680.0 2091639600.0 13545414360.0 14589777840.0 8104966920.0 11360206200.0 17709943440.0 6275282880.0 13296201600.0 15915211080.0 16385056320.0 16696890840.0 7223347200.0 5955620640.0 2050316520.0 354249840.0 7080263760.0 3363189000.0 12545104560.0 8005026960.0 8748842400.0 627491880.0 15148276560.0 2100559560.0 3237581400.0 12045404760.0 323303040.0 17779846800.0 5984929080.0 1484718240.0 13369927800.0 15390389760.0 10103584080.0 13416712080.0 16778262720.0 7320192480.0 16390517520.0 11086782120.0 12382178760.0 16453139280.0 8092770240.0 10738721640.0 16845071400.0 11953656600.0 
8820787528.0 8649405604.0 704806684.0 830179244.0 11595187660.0 5322774828.0 9961441272.0 5382740760.0 -632608056700.0 386880796.0 10194090164.0 9020673968.0 11310852156.0 797653344.0 6049107744.0 4216775952.0 9326890532.0 11689098804.0 1529072128.0 4898873644.0 750106392.0 2904740284.0 10832662288.0 11461772332.0 6108364020.0 3734564700.0 10959099332.0 5764180860.0 1229242468.0 1627477760.0 2268060576.0 7944953748.0 360623524.0 8445734332.0 10540047464.0 10456071504.0 3731844352.0 11223327916.0 3741306432.0 6672185712.0 6671712608.0 7523063256.0 5848629924.0 5847565440.0 3144249184.0 9643042280.0 11671002576.0 9416425464.0 10746439084.0 9980247156.0 605218292.0 5365945568.0 1619671544.0 9231914904.0 5531295416.0 3253772760.0 5454534292.0 1358991240.0 8800798884.0 9479348296.0 5266002348.0 7381013780.0 11506598936.0 4077210272.0 8638879040.0 10340515852.0 10645786208.0 10848392996.0 4693191680.0 3869517616.0 1332142588.0 230165096.0 4600226744.0 2185149100.0 8150872264.0 5201068824.0 5684344560.0 407697372.0 9842219064.0 1364786764.0 2103538660.0 7826204644.0 210058176.0 11552016920.0 3888560052.0 964659056.0 8686780820.0 9999526144.0 6564554552.0 8717177752.0 10901262368.0 4756114512.0 10649334488.0 7203363228.0 8045015244.0 10690021432.0 5258077856.0 6977219516.0 10944669660.0 7766593540.0 
975778552.0 956819836.0 77967556.0 91836596.0 1282689940.0 588819252.0 1101960648.0 595452840.0 386880796.0 -70324838332.0 1127696876.0 997890512.0 1251236004.0 88238496.0 669168096.0 466470768.0 1031764988.0 1293078636.0 169149952.0 541926196.0 82978728.0 321329956.0 1198337392.0 1267931188.0 675723180.0 413127300.0 1212324188.0 637648740.0 135982012.0 180035840.0 250898784.0 878891532.0 39893116.0 934289188.0 1165967576.0 1156677936.0 412826368.0 1241553844.0 413873088.0 738094608.0 738042272.0 832220904.0 646990716.0 646872960.0 347825056.0 1066738520.0 1291076784.0 1041669576.0 1188799156.0 1104041004.0 66950828.0 593594912.0 179172296.0 1021258536.0 611886344.0 359940840.0 603394828.0 150335160.0 973567356.0 1048630264.0 582538932.0 816507020.0 1272890024.0 451031648.0 955655360.0 1143894868.0 1177664672.0 1200077564.0 519173120.0 428056144.0 147365092.0 25461464.0 508889096.0 241726900.0 901670776.0 575355816.0 628817040.0 45100548.0 1088771976.0 150976276.0 232698940.0 865755196.0 23237184.0 1277914280.0 430162668.0 106713104.0 960954380.0 1106173696.0 726188168.0 964316968.0 1205926112.0 526133808.0 1178057192.0 796854852.0 889960596.0 1182558088.0 581662304.0 771838244.0 1210727940.0 859160860.0 
25711212968.0 25211661524.0 2054401004.0 2419842364.0 33798154460.0 15515054268.0 29036039832.0 15689845560.0 10194090164.0 1127696876.0 -1824433237980.0 26293850608.0 32969361036.0 2325034464.0 17632200864.0 12291240912.0 27186423892.0 34071890724.0 4457005568.0 14279448764.0 2186442552.0 8466862604.0 31575512528.0 33409269692.0 17804923620.0 10885670700.0 31944056692.0 16801683660.0 3583049108.0 4743842560.0 6611041056.0 23158294788.0 1051161044.0 24617991692.0 30722586184.0 30477809424.0 10877741312.0 32714241596.0 10905321792.0 19448375472.0 19446996448.0 21928550136.0 17047839444.0 17044736640.0 9164993504.0 28107956680.0 34019143056.0 27447404184.0 31324185404.0 29090856036.0 1764116452.0 15640890208.0 4721088664.0 26909584824.0 16122859096.0 9484237560.0 15899112452.0 3961246440.0 25652949204.0 27630814376.0 15349571388.0 21514498180.0 33539932216.0 11884428832.0 25180978240.0 30140982812.0 31030798048.0 31621365076.0 13679918080.0 11279037296.0 3882986828.0 670895176.0 13408939864.0 6369367100.0 23758514984.0 15160300344.0 16568973360.0 1188373932.0 28688525784.0 3978139484.0 6131485460.0 22812159764.0 612286656.0 33672318520.0 11334543012.0 2811829936.0 25320604420.0 29147051264.0 19134647512.0 25409206712.0 31775471008.0 13863328272.0 31041140728.0 20996674668.0 23449958364.0 31159736792.0 15326472736.0 20337501196.0 31901996460.0 22638402740.0 
22751659616.0 22309610288.0 1817924048.0 2141300368.0 29907733520.0 13729155216.0 25693773984.0 13883826720.0 9020673968.0 997890512.0 26293850608.0 -1617453915072.0 29174340432.0 2057405568.0 15602602368.0 10876426944.0 24057062704.0 30149960688.0 3943970816.0 12635777168.0 1934766624.0 7492263248.0 27940934336.0 29563612304.0 15755443440.0 9632648400.0 28267056304.0 14867683920.0 3170613296.0 4197790720.0 5850060672.0 20492601456.0 930164528.0 21784276304.0 27186186208.0 26969585088.0 9625631744.0 28948587152.0 9650037504.0 17209721664.0 17208501376.0 19404409632.0 15085505328.0 15082759680.0 8110034048.0 24872520160.0 30103284672.0 24288002208.0 27718536848.0 25742280432.0 1561053424.0 13840506496.0 4177655968.0 23812089888.0 14266997152.0 8392530720.0 14069005424.0 3505277280.0 22700102448.0 24450300512.0 13582720656.0 19038018160.0 29679234592.0 10516441984.0 22282458880.0 26671529744.0 27458920576.0 27981508912.0 12105256960.0 9980735552.0 3436025936.0 593670112.0 11865470368.0 5636205200.0 21023731808.0 13415236128.0 14661760320.0 1051583184.0 25386261408.0 3520225808.0 5425705520.0 20186309168.0 541807872.0 29796382240.0 10029852144.0 2488167232.0 22406013040.0 25792007168.0 16932106144.0 22484416544.0 28117876096.0 12267555264.0 27468072736.0 18579800016.0 20750692368.0 27573017504.0 13562280832.0 17996502352.0 28229837520.0 20032552880.0 
28527874872.0 27973597596.0 2279460516.0 2684935956.0 37500740340.0 17214727572.0 32216936328.0 17408667240.0 11310852156.0 1251236004.0 32969361036.0 29174340432.0 -2020688002812.0 2579741856.0 19563807456.0 13637745648.0 30164695068.0 37804464396.0 4945270272.0 15843761556.0 2425967208.0 9394406916.0 35034608112.0 37069253268.0 19755451980.0 12078195300.0 35443526268.0 18642307140.0 3975571932.0 5263530240.0 7335280224.0 25695284652.0 1166315676.0 27314891268.0 34088243736.0 33816651696.0 12069397248.0 36298084884.0 12099999168.0 21578943888.0 21577413792.0 24330821544.0 18915429276.0 18911986560.0 10169018016.0 31187181720.0 37745938224.0 30454265736.0 34755748116.0 32277757644.0 1957375308.0 17354348832.0 5238283656.0 29857528296.0 17889117384.0 10523235240.0 17640859308.0 4395200760.0 28463228316.0 30657768504.0 17031116052.0 23871410220.0 37214229864.0 13186367328.0 27939552960.0 33442925748.0 34430220192.0 35085483804.0 15178552320.0 12514655184.0 4308367812.0 744391704.0 14877888456.0 7067130900.0 26361258936.0 16821110376.0 18384103440.0 1318560228.0 31831352136.0 4413944436.0 6803189340.0 25311230556.0 679362624.0 37361119080.0 12576241548.0 3119865744.0 28094475180.0 32340109056.0 21230847048.0 28192783848.0 35256472032.0 15382055088.0 34441695912.0 23296859172.0 26018899956.0 34573284168.0 17005486944.0 22565473284.0 35396858340.0 25118438460.0 
2011816128.0 1972727904.0 160749984.0 189344544.0 2644592160.0 1214000928.0 2271972672.0 1227677760.0 797653344.0 88238496.0 2325034464.0 2057405568.0 2579741856.0 -144898886400.0 1379660544.0 961748352.0 2127246432.0 2666011104.0 348745728.0 1117318944.0 171081792.0 662503584.0 2470677888.0 2614163232.0 1393175520.0 851767200.0 2499515232.0 1314675360.0 280361568.0 371189760.0 517291776.0 1812058848.0 82249824.0 1926275232.0 2403939264.0 2384786304.0 851146752.0 2559779616.0 853304832.0 1521770112.0 1521662208.0 1715835456.0 1333936224.0 1333693440.0 717129984.0 2199353280.0 2661883776.0 2147667264.0 2451012384.0 2276261856.0 138036192.0 1223847168.0 369409344.0 2105584704.0 1261559616.0 742109760.0 1244052192.0 309954240.0 2007257184.0 2162018496.0 1201052448.0 1683437280.0 2624387136.0 929916672.0 1970327040.0 2358430752.0 2428055808.0 2474265696.0 1070407680.0 882546816.0 303830688.0 52495296.0 1049204544.0 498381600.0 1859024064.0 1186242624.0 1296466560.0 92986272.0 2244780864.0 311276064.0 479768160.0 1784974944.0 47909376.0 2634745920.0 886889952.0 220016256.0 1981252320.0 2280658944.0 1497221952.0 1988185152.0 2486323968.0 1084758912.0 2428865088.0 1642919328.0 1834880544.0 2438144832.0 1199245056.0 1591341216.0 2496224160.0 1771379040.0 
15256868928.0 14960438304.0 1219068384.0 1435918944.0 20055608160.0 9206533728.0 17229799872.0 9310253760.0 6049107744.0 669168096.0 17632200864.0 15602602368.0 19563807456.0 1379660544.0 -1089776352000.0 7293543552.0 16132249632.0 20218041504.0 2644758528.0 8473333344.0 1297420992.0 5024181984.0 18736706688.0 19824846432.0 10565327520.0 6459487200.0 18955398432.0 9970011360.0 2126158368.0 2814965760.0 3922949376.0 13741983648.0 623752224.0 14608158432.0 18230585664.0 18085336704.0 6454781952.0 19412421216.0 6471148032.0 11540541312.0 11539723008.0 13012261056.0 10116078624.0 10114237440.0 5438448384.0 16679081280.0 20186741376.0 16287113664.0 18587570784.0 17262327456.0 1046815392.0 9281203968.0 2801463744.0 15967975104.0 9567201216.0 5627885760.0 9434431392.0 2350578240.0 15222295584.0 16395948096.0 9108337248.0 12766565280.0 19902380736.0 7052143872.0 14942231040.0 17885465952.0 18413476608.0 18763915296.0 8117575680.0 6692908416.0 2304139488.0 398104896.0 7956778944.0 3779541600.0 14098150464.0 8996025024.0 9831922560.0 705173472.0 17023587264.0 2360602464.0 3638384160.0 13536589344.0 363326976.0 19980937920.0 6725845152.0 1668521856.0 15025084320.0 17295673344.0 11354377152.0 15077660352.0 18855360768.0 8226410112.0 18419613888.0 12459292128.0 13915054944.0 18489988032.0 9094630656.0 12068142816.0 18930440160.0 13433483040.0 
10635419424.0 10428780432.0 849801072.0 1000965552.0 13980575280.0 6417787824.0 12010730976.0 6490090080.0 4216775952.0 466470768.0 12291240912.0 10876426944.0 13637745648.0 961748352.0 7293543552.0 -761882099136.0 11245639056.0 14093806032.0 1843636224.0 5906680752.0 904419936.0 3502309872.0 13061181504.0 13819713456.0 7364990160.0 4502847600.0 13213629456.0 6950000880.0 1482124944.0 1962286080.0 2734651008.0 9579407184.0 434811792.0 10183209456.0 12708369312.0 12607117632.0 4499567616.0 13532215728.0 4510976256.0 8044802496.0 8044232064.0 9070724448.0 7051822992.0 7050539520.0 3791091072.0 11626830240.0 14071987008.0 11353593312.0 12957220272.0 12033405648.0 729725136.0 6469839744.0 1952873952.0 11131124832.0 6669205728.0 3923146080.0 6576653136.0 1638565920.0 10611318672.0 11429460768.0 6349335984.0 8899452240.0 13873761888.0 4915982976.0 10416088320.0 12467789616.0 12835860864.0 13080148368.0 5658685440.0 4665563328.0 1606193904.0 277515168.0 5546595552.0 2634682800.0 9827687712.0 6271044192.0 6853740480.0 491569776.0 11866982112.0 1645553712.0 2536283280.0 9436228752.0 253271808.0 13928523360.0 4688523216.0 1163110848.0 10473844560.0 12056650752.0 7915029216.0 10510494816.0 13143894144.0 5734552896.0 12840139104.0 8685255024.0 9700053552.0 12889196256.0 6339781248.0 8412588528.0 13196231280.0 9364354320.0 
23523989384.0 23066934212.0 1879635452.0 2213989132.0 30922983980.0 14195206284.0 26565977016.0 14355128280.0 9326890532.0 1031764988.0 27186423892.0 24057062704.0 30164695068.0 2127246432.0 16132249632.0 11245639056.0 -1671543499836.0 31173433812.0 4077853184.0 13064712332.0 2000444376.0 7746596252.0 28889419664.0 30567181196.0 16290279060.0 9959639100.0 29226612196.0 15372383580.0 3278243204.0 4340289280.0 6048647328.0 21188245044.0 961739972.0 22523767196.0 28109050792.0 27885096912.0 9952384256.0 29931278348.0 9977618496.0 17793924336.0 17792662624.0 20063113368.0 15597599172.0 15594760320.0 8385337952.0 25716844840.0 31125173328.0 25112484792.0 28659472652.0 26616130068.0 1614045076.0 14310337504.0 4319471032.0 24620417112.0 14751305848.0 8677424280.0 14546593076.0 3624267720.0 23470682052.0 25280292488.0 14043800844.0 19684284340.0 30686728408.0 10873434016.0 23038861120.0 27576923756.0 28391043424.0 28931371588.0 12516183040.0 10319542448.0 3552665564.0 613822888.0 12268256632.0 5827532300.0 21737405192.0 13870630872.0 15159469680.0 1087280316.0 26248025592.0 3639723692.0 5609886980.0 20871555332.0 560200128.0 30807852760.0 10370326356.0 2572630768.0 23166609460.0 26667544832.0 17506884856.0 23247674456.0 29072367904.0 12683990736.0 28400506264.0 19210511484.0 21455097132.0 28509013496.0 14022667168.0 18607413148.0 29188129980.0 20712579620.0 
29481876648.0 28909063764.0 2355688044.0 2774723004.0 38754804060.0 17790405948.0 33294304152.0 17990831160.0 11689098804.0 1293078636.0 34071890724.0 30149960688.0 37804464396.0 2666011104.0 20218041504.0 14093806032.0 31173433812.0 -2086997688540.0 5110645248.0 16373593404.0 2507094072.0 9708565644.0 36206201808.0 38308887612.0 20416094820.0 12482102700.0 36628794612.0 19265725260.0 4108519188.0 5439548160.0 7580579616.0 26554561668.0 1205318484.0 28228329612.0 35228190024.0 34947515664.0 12473010432.0 37511930556.0 12504635712.0 22300566192.0 22298984928.0 25144469496.0 19547980884.0 19544423040.0 10509080544.0 32230113480.0 39008201616.0 31472688024.0 35918016444.0 33357159396.0 2022831972.0 17934696288.0 5413457304.0 30855995064.0 18487348056.0 10875143160.0 18230787972.0 4542180840.0 29415068244.0 31682996136.0 17600654268.0 24669694980.0 38458712376.0 13627333152.0 28873880640.0 34561291932.0 35581602528.0 36258778836.0 15686138880.0 12933158256.0 4452444108.0 769284936.0 15375420504.0 7303463100.0 27242806824.0 17383625784.0 18998886960.0 1362654252.0 32895825624.0 4561551324.0 7030695060.0 26157664404.0 702081216.0 38610513720.0 12996804132.0 3224197296.0 29033983620.0 33421595904.0 21940828632.0 29135579832.0 36435485088.0 15896446992.0 35593462008.0 24075930348.0 26888999004.0 35729450712.0 17574168096.0 23320086156.0 36580566060.0 25958425140.0 
3856577536.0 3781646848.0 308151808.0 362966528.0 5069585920.0 2327195136.0 4355288064.0 2353413120.0 1529072128.0 169149952.0 4457005568.0 3943970816.0 4945270272.0 348745728.0 2644758528.0 1843636224.0 4077853184.0 5110645248.0 -277446049792.0 2141859328.0 327957504.0 1269995008.0 4736198656.0 5011254784.0 2670666240.0 1632806400.0 4791478784.0 2520184320.0 537442816.0 711557120.0 991629312.0 3473650176.0 157669888.0 3692598784.0 4608263168.0 4571547648.0 1631617024.0 4907003392.0 1635753984.0 2917177344.0 2916970496.0 3289193472.0 2557106688.0 2556641280.0 1374711808.0 4216079360.0 5102733312.0 4116999168.0 4698500608.0 4363510272.0 264610304.0 2346070016.0 708144128.0 4036328448.0 2418363392.0 1422597120.0 2384802304.0 594170880.0 3847838208.0 4144509952.0 2302373376.0 3227087360.0 5030853632.0 1782616064.0 3777044480.0 4521025024.0 4654493696.0 4743076352.0 2051932160.0 1691809792.0 582432256.0 100631552.0 2011286528.0 955379200.0 3563680768.0 2273983488.0 2485278720.0 178251264.0 4303162368.0 596704768.0 919697920.0 3421731328.0 91840512.0 5050711040.0 1700135424.0 421763072.0 3797987840.0 4371939328.0 2870119424.0 3811277824.0 4766191616.0 2079442944.0 4656045056.0 3149415936.0 3517398528.0 4673833984.0 2298908672.0 3050542592.0 4785169920.0 3395668480.0 
12355784728.0 12115720204.0 987263284.0 1162879844.0 16242046660.0 7455917028.0 13953564072.0 7539914760.0 4898873644.0 541926196.0 14279448764.0 12635777168.0 15843761556.0 1117318944.0 8473333344.0 5906680752.0 13064712332.0 16373593404.0 2141859328.0 -884167251100.0 1050717192.0 4068836884.0 15173933488.0 16055164132.0 8556337020.0 5231219700.0 15351041132.0 8074219860.0 1721870668.0 2279701760.0 3177002976.0 11128953948.0 505146124.0 11830426132.0 14764051064.0 14646421104.0 5227409152.0 15721161316.0 5240663232.0 9346114512.0 9345451808.0 10537987656.0 8192512524.0 8191021440.0 4404330784.0 13507564280.0 16348244976.0 13190129064.0 15053155684.0 13979906556.0 847764092.0 7516388768.0 2268767144.0 12931674504.0 7748003816.0 4557746760.0 7640480092.0 1903617240.0 12327785484.0 13278268696.0 7376392548.0 10339010780.0 16117955336.0 5711183072.0 12100975040.0 14484555652.0 14912165408.0 15195968396.0 6574023680.0 5420256016.0 1866008788.0 322405496.0 6443802344.0 3060864100.0 11417395864.0 7285436424.0 7962388560.0 571085172.0 13786562664.0 1911735364.0 2946547660.0 10962615244.0 294240576.0 16181574920.0 5446929852.0 1351253456.0 12168073820.0 14006911744.0 9195349352.0 12210652552.0 15270025568.0 6662163312.0 14917135688.0 10090165428.0 11269115844.0 14974128232.0 7365292256.0 9773392916.0 15330828660.0 10879114540.0 
1891894704.0 1855136472.0 151167912.0 178057992.0 2486951880.0 1141636104.0 2136543696.0 1154497680.0 750106392.0 82978728.0 2186442552.0 1934766624.0 2425967208.0 171081792.0 1297420992.0 904419936.0 2000444376.0 2507094072.0 327957504.0 1050717192.0 -136271873136.0 623012712.0 2323404384.0 2458336776.0 1310130360.0 800994600.0 2350522776.0 1236309480.0 263649624.0 349063680.0 486456768.0 1704044664.0 77347032.0 1811452776.0 2260643952.0 2242632672.0 800411136.0 2407194888.0 802440576.0 1431059616.0 1430958144.0 1613557008.0 1254422232.0 1254193920.0 674382912.0 2068253040.0 2503212768.0 2019647952.0 2304911112.0 2140577208.0 129808056.0 1150895424.0 347389392.0 1980073872.0 1186359888.0 697873680.0 1169896056.0 291478320.0 1887607512.0 2033143728.0 1129459464.0 1583090040.0 2467951248.0 874485696.0 1852878720.0 2217848136.0 2283322944.0 2326778328.0 1006602240.0 829939488.0 285719784.0 49366128.0 986662992.0 468673800.0 1748210352.0 1115532432.0 1219186080.0 87443496.0 2110972752.0 292721352.0 451169880.0 1678575192.0 45053568.0 2477692560.0 834023736.0 206901408.0 1863152760.0 2144712192.0 1407974736.0 1869672336.0 2338117824.0 1020098016.0 2284083984.0 1544987304.0 1725505992.0 2292810576.0 1127759808.0 1496483688.0 2347427880.0 1665789720.0 
7326244408.0 7183900444.0 585388324.0 689518484.0 9630566260.0 4420914708.0 8273632392.0 4470720360.0 2904740284.0 321329956.0 8466862604.0 7492263248.0 9394406916.0 662503584.0 5024181984.0 3502309872.0 7746596252.0 9708565644.0 1269995008.0 4068836884.0 623012712.0 -525914776060.0 8997238768.0 9519756052.0 5073398220.0 3101801700.0 9102253052.0 4787531460.0 1020966748.0 1351727360.0 1883773536.0 6598806828.0 299521564.0 7014738052.0 8754202904.0 8684455344.0 3099542272.0 9321712276.0 3107401152.0 5541689232.0 5541296288.0 6248399016.0 4857671964.0 4856787840.0 2611505824.0 8009181080.0 9693535536.0 7820960904.0 8925624724.0 8289251916.0 502673612.0 4456770848.0 1345243784.0 7667712744.0 4594104776.0 2702472360.0 4530349612.0 1128731640.0 7309642524.0 7873222456.0 4373761428.0 6130417580.0 9556987496.0 3386391392.0 7175157440.0 8588478772.0 8842025888.0 9010304156.0 3898004480.0 3213888976.0 1106432068.0 191167256.0 3820790984.0 1814910100.0 6769835704.0 4319829864.0 4721222160.0 338619492.0 8174610504.0 1133545204.0 1747127260.0 6500177884.0 174467136.0 9594710120.0 3229704972.0 801212816.0 7214943020.0 8305264384.0 5452294472.0 7240189672.0 9054215648.0 3950266032.0 8844972968.0 5982867108.0 6681914484.0 8878766152.0 4367179616.0 5795039876.0 9090268260.0 6450666940.0 
27321799456.0 26790955408.0 2183091568.0 2571424688.0 35915318320.0 16486939056.0 30854898144.0 16672679520.0 10832662288.0 1198337392.0 31575512528.0 27940934336.0 35034608112.0 2470677888.0 18736706688.0 13061181504.0 28889419664.0 36206201808.0 4736198656.0 15173933488.0 2323404384.0 8997238768.0 -1936740363712.0 35502073264.0 18920249040.0 11567564400.0 33945077264.0 17854164720.0 3807496336.0 5041003520.0 7025165952.0 24608962896.0 1117007248.0 26160097264.0 32647092128.0 32386982208.0 11559138304.0 34763507632.0 11588446464.0 20666649024.0 20665183616.0 23302185312.0 18115740048.0 18112442880.0 9739101568.0 29868678560.0 36150149952.0 29166748128.0 33286376368.0 30913148112.0 1874623184.0 16620657536.0 5016824288.0 28595239008.0 17132817632.0 10078343520.0 16895055184.0 4209384480.0 27259885968.0 29361647392.0 16311090096.0 22862196560.0 35640920672.0 12628886144.0 26758350080.0 32029056304.0 32974610816.0 33602171792.0 14536847360.0 11985572032.0 4126222576.0 712920992.0 14248894688.0 6768353200.0 25246781728.0 16109962848.0 17606877120.0 1262815344.0 30485615328.0 4227335728.0 6515570320.0 24241145488.0 650641152.0 35781599840.0 12044554704.0 2987966912.0 26906722640.0 30972863488.0 20333268704.0 27000875104.0 33765931136.0 14731746624.0 32985601376.0 22311935856.0 24918896688.0 33111626464.0 16286544512.0 21611470832.0 33900382320.0 24056504080.0 
28908520984.0 28346848012.0 2309875252.0 2720760932.0 38001110980.0 17444422884.0 32646805416.0 17640950280.0 11461772332.0 1267931188.0 33409269692.0 29563612304.0 37069253268.0 2614163232.0 19824846432.0 13819713456.0 30567181196.0 38308887612.0 5011254784.0 16055164132.0 2458336776.0 9519756052.0 35502073264.0 -2047155335836.0 20019048060.0 12239354100.0 35916447596.0 18891050580.0 4028617804.0 5333761280.0 7433154528.0 26038135644.0 1181877772.0 27679352596.0 34543081592.0 34267865712.0 12230438656.0 36782408548.0 12261448896.0 21866870736.0 21865320224.0 24655466568.0 19167816972.0 19164328320.0 10304702752.0 31603310840.0 38249580528.0 30860615592.0 35219492452.0 32708438268.0 1983492476.0 17585907104.0 5308177832.0 30255915912.0 18127811048.0 10663646280.0 17876240476.0 4453845720.0 28843011852.0 31066833688.0 17258361444.0 24189925340.0 37710777608.0 13362312416.0 28312349120.0 33889153156.0 34889621024.0 35553627788.0 15381079040.0 12681637648.0 4365854164.0 754324088.0 15076403432.0 7161427300.0 26712995992.0 17045553672.0 18629401680.0 1336153716.0 32256076392.0 4472839492.0 6893963980.0 25648957132.0 688427328.0 37859626760.0 12744045756.0 3161493968.0 28469338460.0 32771621632.0 21514129256.0 28568958856.0 35726897504.0 15587297136.0 34901249864.0 23607708084.0 26366068932.0 35034593896.0 17232390368.0 22866563348.0 35869156980.0 25453592620.0 
15406323240.0 15106988820.0 1231010220.0 1449985020.0 20252070300.0 9296719740.0 17398580760.0 9401455800.0 6108364020.0 675723180.0 17804923620.0 15755443440.0 19755451980.0 1393175520.0 10565327520.0 7364990160.0 16290279060.0 20416094820.0 2670666240.0 8556337020.0 1310130360.0 5073398220.0 18920249040.0 20019048060.0 -1100348163420.0 6522763500.0 19141083060.0 10067676300.0 2146985940.0 2842540800.0 3961378080.0 13876598340.0 629862420.0 14751258060.0 18409170120.0 18262498320.0 6518012160.0 19602582780.0 6534538560.0 11653590960.0 11652764640.0 13139727480.0 10215174420.0 10213315200.0 5491722720.0 16842467400.0 20384488080.0 16446660120.0 18769652220.0 17431426980.0 1057069860.0 9372121440.0 2828906520.0 16124395320.0 9660920280.0 5683015800.0 9526849860.0 2373604200.0 15371411220.0 16556560680.0 9197561340.0 12891624900.0 20097341880.0 7121225760.0 15088603200.0 18060669660.0 18593852640.0 18947724180.0 8197094400.0 6758471280.0 2326710540.0 402004680.0 8034722520.0 3816565500.0 14236254120.0 9084148920.0 9928234800.0 712081260.0 17190348120.0 2383726620.0 3674025300.0 13669192020.0 366886080.0 20176668600.0 6791730660.0 1684866480.0 15172268100.0 17465099520.0 11465603160.0 15225359160.0 19040065440.0 8306994960.0 18600050040.0 12581341740.0 14051365020.0 18671113560.0 9183720480.0 12186360780.0 19115880300.0 13565075700.0 
9419201400.0 9236192700.0 752621700.0 886499700.0 12381820500.0 5683878900.0 10637238600.0 5747913000.0 3734564700.0 413127300.0 10885670700.0 9632648400.0 12078195300.0 851767200.0 6459487200.0 4502847600.0 9959639100.0 12482102700.0 1632806400.0 5231219700.0 800994600.0 3101801700.0 11567564400.0 12239354100.0 6522763500.0 -675271664700.0 11702579100.0 6155230500.0 1312635900.0 1737888000.0 2421928800.0 8483949900.0 385088700.0 9018704100.0 11255098200.0 11165425200.0 3985017600.0 11984733300.0 3995121600.0 7124835600.0 7124330400.0 8033437800.0 6245408700.0 6244272000.0 3357559200.0 10297239000.0 12462778800.0 10055248200.0 11475491700.0 10657320300.0 646277100.0 5729978400.0 1729552200.0 9858220200.0 5906545800.0 3474513000.0 5824577100.0 1451187000.0 9397856700.0 10122439800.0 5623254900.0 7881751500.0 12287221800.0 4353813600.0 9224952000.0 11042030100.0 11368010400.0 11584362300.0 5011584000.0 4132030800.0 1422516900.0 245779800.0 4912312200.0 2333392500.0 8703838200.0 5553916200.0 6069978000.0 435356100.0 10509928200.0 1457375700.0 2246245500.0 8357144700.0 224308800.0 12335721000.0 4152365100.0 1030102800.0 9276103500.0 10677907200.0 7009902600.0 9308562600.0 11640818400.0 5078775600.0 11371799400.0 7692048900.0 8590799700.0 11415246600.0 5614792800.0 7450563300.0 11687170500.0 8293489500.0 
27640694984.0 27103655012.0 2208572252.0 2601437932.0 36334515980.0 16679371884.0 31215031416.0 16867280280.0 10959099332.0 1212324188.0 31944056692.0 28267056304.0 35443526268.0 2499515232.0 18955398432.0 13213629456.0 29226612196.0 36628794612.0 4791478784.0 15351041132.0 2350522776.0 9102253052.0 33945077264.0 35916447596.0 19141083060.0 11702579100.0 -1958949475836.0 18062555580.0 3851936804.0 5099841280.0 7107162528.0 24896194644.0 1130044772.0 26465433596.0 33028143592.0 32764997712.0 11694054656.0 35169261548.0 11723704896.0 20907866736.0 20906384224.0 23574164568.0 18327183972.0 18323848320.0 9852774752.0 30217300840.0 36572088528.0 29507177592.0 33674889452.0 31273961268.0 1896503476.0 16814651104.0 5075379832.0 28928997912.0 17332789048.0 10195976280.0 17092251476.0 4258515720.0 27578058852.0 29704351688.0 16501470444.0 23129040340.0 36056915608.0 12776288416.0 27070669120.0 32402894156.0 33359485024.0 33994370788.0 14706519040.0 12125465648.0 4174383164.0 721242088.0 14415205432.0 6847352300.0 25541457992.0 16297995672.0 17812381680.0 1277554716.0 30841438392.0 4276676492.0 6591618980.0 24524084132.0 658235328.0 36199236760.0 12185136756.0 3022841968.0 27220773460.0 31334373632.0 20570595256.0 27316024856.0 34160041504.0 14903693136.0 33370603864.0 22572357084.0 25209745932.0 33498099896.0 16476638368.0 21863716348.0 34296061980.0 24337287620.0 
14538235320.0 14255767260.0 1161647460.0 1368283860.0 19110942900.0 8772884820.0 16418236680.0 8871719400.0 5764180860.0 637648740.0 16801683660.0 14867683920.0 18642307140.0 1314675360.0 9970011360.0 6950000880.0 15372383580.0 19265725260.0 2520184320.0 8074219860.0 1236309480.0 4787531460.0 17854164720.0 18891050580.0 10067676300.0 6155230500.0 18062555580.0 -1038914990460.0 2026011420.0 2682374400.0 3738169440.0 13094704620.0 594372060.0 13920080580.0 17371883160.0 17233475760.0 6150746880.0 18498051540.0 6166342080.0 10996955280.0 10996175520.0 12399353640.0 9639588060.0 9637833600.0 5182284960.0 15893458200.0 19235899440.0 15519953160.0 17712053460.0 16449232140.0 997507980.0 8844037920.0 2669508360.0 15215846760.0 9116564040.0 5362799400.0 8990047980.0 2239860600.0 14505290460.0 15623661240.0 8679313620.0 12165230700.0 18964932840.0 6719971680.0 14238417600.0 17043019380.0 17546159520.0 17880091740.0 7735219200.0 6377657040.0 2195609220.0 379353240.0 7581996360.0 3601516500.0 13434095160.0 8572291560.0 9368816400.0 671958180.0 16221737160.0 2249412660.0 3467007900.0 12898984860.0 346213440.0 19039789800.0 6409042380.0 1589930640.0 14317368300.0 16481007360.0 10819559880.0 14367467880.0 17967229920.0 7838927280.0 17552007720.0 11872430820.0 13259623860.0 17619067080.0 8666252640.0 11499705540.0 18038772900.0 12800735100.0 
3100356616.0 3040118788.0 247727548.0 291793868.0 4075511020.0 1870864716.0 3501276984.0 1891941720.0 1229242468.0 135982012.0 3583049108.0 3170613296.0 3975571932.0 280361568.0 2126158368.0 1482124944.0 3278243204.0 4108519188.0 537442816.0 1721870668.0 263649624.0 1020966748.0 3807496336.0 4028617804.0 2146985940.0 1312635900.0 3851936804.0 2026011420.0 -223148144572.0 572030720.0 797184672.0 2792515956.0 126753028.0 2968531804.0 3704647208.0 3675131088.0 1311679744.0 3944808652.0 1315005504.0 2345159664.0 2344993376.0 2644228632.0 2055693828.0 2055319680.0 1105150048.0 3389365160.0 4102158672.0 3309713208.0 3777190348.0 3507886932.0 212723924.0 1886038496.0 569286968.0 3244860888.0 1944156152.0 1143645720.0 1917175924.0 477662280.0 3093330948.0 3331829512.0 1850910156.0 2594300660.0 4044373592.0 1433069984.0 3036418880.0 3634515244.0 3741812576.0 3813025412.0 1649576960.0 1360069552.0 468225436.0 80899112.0 1616901368.0 768042700.0 2864892808.0 1828087128.0 1997950320.0 143298684.0 3459372408.0 479699308.0 739358020.0 2750777668.0 73831872.0 4060337240.0 1366762644.0 339061232.0 3053255540.0 3514663168.0 2307329144.0 3063939544.0 3831608096.0 1671693264.0 3743059736.0 2531859516.0 2827685868.0 3757360504.0 1848124832.0 2452373852.0 3846865020.0 2729825380.0 
