-942714064484.0 3774831296.0 7214175112.0 9022441772.0 4631464376.0 3429572336.0 3024707348.0 8573279408.0 764455452.0 1272138124.0 9499615712.0 10222270944.0 9467804116.0 7174763476.0 2615173764.0 4247553784.0 31811596.0 7773103768.0 5814790604.0 5949528456.0 9359123544.0 4912122996.0 4961740400.0 3182679608.0 6456776840.0 3622830496.0 4898117208.0 4469909240.0 1584608340.0 9597439084.0 4200759252.0 4947626040.0 75348968.0 1829546772.0 7152071928.0 215841136.0 7505256644.0 1312852624.0 10501518128.0 3737699672.0 8344301060.0 7377467400.0 9753348476.0 833398672.0 615386096.0 3381257796.0 7634240180.0 9071299172.0 738832460.0 2139845548.0 58303164.0 6231272796.0 8543856396.0 5360633928.0 5494611776.0 7232415208.0 8659811292.0 9903069264.0 10404020472.0 4942848872.0 9492124244.0 9782011484.0 589003100.0 5076935292.0 3808705760.0 7185294960.0 6527131496.0 9827286008.0 1332829872.0 1906090032.0 3291903040.0 6098597812.0 6022163124.0 5580600800.0 2132354080.0 370556236.0 382824872.0 7934333188.0 9796234416.0 6474474076.0 1332829872.0 10288608436.0 1870695560.0 10483495176.0 2890078068.0 6935145072.0 9889389192.0 8730274520.0 5480714560.0 1700780380.0 2958912716.0 3548350104.0 6559268808.0 1909455764.0 6097729236.0 2383806832.0 5277793492.0 3468766828.0 3371269172.0 5441520068.0 4977809056.0 5797310512.0 4727442024.0 9071516316.0 6218678444.0 10518238216.0 2399332628.0 7907515904.0 10278836956.0 8004796416.0 8332140996.0 7870492852.0 2939261184.0 1483744952.0 2335492292.0 150697936.0 330710312.0 5281919228.0 337007488.0 1854192616.0 2281314864.0 2066668020.0 2154177052.0 10423780576.0 8550045000.0 2856095032.0 3951043652.0 7574525580.0 7673868960.0 2782591788.0 2652522532.0 5865493728.0 7277255444.0 3381692084.0 1958964596.0 1065742752.0 1179091920.0 3327406084.0 1133600252.0 6064723348.0 6173512492.0 7359661592.0 385864888.0 8925595548.0 10513135332.0 8444947304.0 1452041928.0 9028630376.0 9298323224.0 1191794844.0 6560571672.0 7304181300.0 2410189828.0 2100651056.0 7901327300.0 2675648368.0 3946917916.0 7423284784.0 3123182152.0 3281697272.0 6553623064.0 10844605648.0 2898763828.0 1616202792.0 9384203676.0 7962670480.0 8920058376.0 7321444248.0 851313052.0 6859904676.0 5415245644.0 9923589372.0 1111777280.0 9404072352.0 10047687168.0 2225291712.0 10168093516.0 9498638564.0 5335010936.0 1855061192.0 
3774831296.0 -1206480473984.0 9240778112.0 11557022272.0 5932533376.0 4393006336.0 3874406848.0 10981681408.0 979205952.0 1629506624.0 12168243712.0 13093906944.0 12127495616.0 9190294976.0 3349827264.0 5440774784.0 40748096.0 9956720768.0 7448279104.0 7620867456.0 11988284544.0 6292034496.0 6355590400.0 4076756608.0 8270611840.0 4640554496.0 6274094208.0 5725594240.0 2029755840.0 12293547584.0 5380834752.0 6337511040.0 96515968.0 2343502272.0 9161228928.0 276475136.0 9613630144.0 1681658624.0 13451600128.0 4787692672.0 10688378560.0 9449942400.0 12493254976.0 1067516672.0 788260096.0 4331119296.0 9778847680.0 11619604672.0 946384960.0 2740970048.0 74681664.0 7981759296.0 10943992896.0 6866540928.0 7038155776.0 9264142208.0 11092521792.0 12685035264.0 13326713472.0 6331391872.0 12158647744.0 12529969984.0 754465600.0 6503145792.0 4878645760.0 9203784960.0 8360730496.0 12587963008.0 1707247872.0 2441548032.0 4216663040.0 7811813312.0 7713906624.0 7148300800.0 2731374080.0 474652736.0 490367872.0 10163242688.0 12548188416.0 8293280576.0 1707247872.0 13178879936.0 2396210560.0 13428514176.0 3701957568.0 8883363072.0 12667512192.0 11182779520.0 7020354560.0 2178562880.0 3790129216.0 4545151104.0 8401895808.0 2445859264.0 7810700736.0 3053464832.0 6760428992.0 4443211328.0 4318324672.0 6970149568.0 6376173056.0 7425888512.0 6055473024.0 11619882816.0 7965626944.0 13473017216.0 3073352128.0 10128891904.0 13166363456.0 10253500416.0 10672802496.0 10081468352.0 3764957184.0 1900557952.0 2991577792.0 193031936.0 423613312.0 6765713728.0 431679488.0 2375071616.0 2922180864.0 2647235520.0 2759327552.0 13352024576.0 10951920000.0 3658428032.0 5060969152.0 9702358080.0 9829608960.0 3564276288.0 3397668032.0 7513225728.0 9321578944.0 4331675584.0 2509276096.0 1365130752.0 1510321920.0 4262139584.0 1452050752.0 7768422848.0 7907772992.0 9427134592.0 494261888.0 11432970048.0 13466480832.0 10817298304.0 1859948928.0 11564949376.0 11910404224.0 1526593344.0 8403564672.0 9356068800.0 3087259328.0 2690765056.0 10120964800.0 3427290368.0 5055684416.0 9508630784.0 4000545152.0 4203590272.0 8394664064.0 13891067648.0 3713083328.0 2070225792.0 12020410176.0 10199540480.0 11425877376.0 9378181248.0 1090463552.0 8786986176.0 6936494144.0 12711319872.0 1424097280.0 12045860352.0 12870279168.0 2850419712.0 13024510016.0 12166992064.0 6833719936.0 2376184192.0 
7214175112.0 9240778112.0 -2297315698496.0 22086916184.0 11337813872.0 8395584992.0 7404476456.0 20987367776.0 1871385144.0 3114191128.0 23255036864.0 25024095168.0 23177162152.0 17563804072.0 6401939208.0 10398001648.0 77874712.0 19028539696.0 14234593688.0 14564431632.0 22911112368.0 12024865512.0 12146328800.0 7791192176.0 15806174480.0 8868680512.0 11990579376.0 10942327280.0 3879117480.0 23494508248.0 10283448744.0 12111776880.0 184454096.0 4478726184.0 17508255216.0 528378592.0 18372850568.0 3213860128.0 25707691616.0 9149879984.0 20426829320.0 18060022800.0 23876174072.0 2040157984.0 1506463712.0 8277311112.0 18688601960.0 22206518984.0 1808660120.0 5238336856.0 142726008.0 15254141112.0 20915340312.0 13122819216.0 13450796672.0 17704935376.0 21199197624.0 24242690208.0 25469017584.0 12100082384.0 23236697768.0 23946341048.0 1441878200.0 12428325624.0 9323702720.0 17589585120.0 15978402512.0 24057172976.0 3262764384.0 4666103904.0 8058570880.0 14929353064.0 14742241128.0 13661297600.0 5219997760.0 907120792.0 937154384.0 19423228936.0 23981158752.0 15849497272.0 3262764384.0 25186489192.0 4579458320.0 25663571472.0 7074904296.0 16977218784.0 24209201424.0 21371691440.0 13416776320.0 4163506360.0 7243411352.0 8686352688.0 16057074576.0 4674343208.0 14927226792.0 5835553504.0 12920026024.0 8491533016.0 8252858984.0 13320828296.0 12185664832.0 14191802464.0 11572766928.0 22207050552.0 15223310168.0 25748622352.0 5873560616.0 19357580288.0 25162568632.0 19595722752.0 20397061512.0 19266947944.0 7195304448.0 3632204144.0 5717279624.0 368908192.0 809578064.0 12930125816.0 824993536.0 4539059152.0 5584653408.0 5059198440.0 5273420344.0 25517390272.0 20930490000.0 6991713904.0 9672145544.0 18542420760.0 18785613120.0 6811778136.0 6493368904.0 14358714816.0 17814704168.0 8278374248.0 4795540712.0 2608935744.0 2886414240.0 8145482248.0 2775050744.0 14846428456.0 15112744024.0 18016434224.0 944596336.0 21849836856.0 25736130504.0 20673211088.0 3554595216.0 22102065872.0 22762273328.0 2917510968.0 16060263984.0 17880618600.0 5900139016.0 5142388832.0 19342430600.0 6549980896.0 9662045752.0 18172183648.0 7645542544.0 8033587184.0 16043253808.0 26547569056.0 7096167016.0 3956460624.0 22972508472.0 19492598560.0 21836281872.0 17922878256.0 2084012344.0 16793030472.0 13256508568.0 24292923384.0 2721628160.0 23021146944.0 24596714496.0 5447508864.0 24891468952.0 23252644808.0 13060094192.0 4541185424.0 
9022441772.0 11557022272.0 22086916184.0 -2867612411156.0 14179689832.0 10499977552.0 9260443036.0 26247949456.0 2340456564.0 3894777668.0 29084020384.0 31296501408.0 28986626012.0 21966253532.0 8006615148.0 13004309288.0 97394372.0 23798131976.0 17802561028.0 18215074392.0 28653889608.0 15038954172.0 15190862800.0 9744090856.0 19768065880.0 11091656672.0 14996074056.0 13685072680.0 4851436380.0 29383516388.0 12861043164.0 15147650280.0 230688376.0 5601339804.0 21896781096.0 660819152.0 22978091308.0 4019429168.0 32151444496.0 11443340104.0 25546909420.0 22586851800.0 29860848532.0 2551533104.0 1884065872.0 10352057772.0 23372987260.0 27772686604.0 2262009220.0 6551350436.0 178500948.0 19077662772.0 26157867972.0 16412115096.0 16822301632.0 22142760056.0 26512875444.0 30319233648.0 31852945704.0 15133024504.0 29061084508.0 29948603188.0 1803291700.0 15543543444.0 11660732320.0 21998496720.0 19983463672.0 30087215656.0 4080591504.0 5835684624.0 10078489280.0 18671465084.0 18437452668.0 17085565600.0 6528414560.0 1134494852.0 1172056504.0 24291751916.0 29992148112.0 19822247732.0 4080591504.0 31499600252.0 5727320920.0 32096265432.0 8848262076.0 21232637904.0 30277350744.0 26728605640.0 16779753920.0 5207108660.0 9059006212.0 10863627528.0 20081855256.0 5845989148.0 18668805852.0 7298262224.0 16158490844.0 10619975396.0 10321476604.0 16659756076.0 15240058592.0 17749043984.0 14473534968.0 27773351412.0 19039103908.0 32202634712.0 7345795996.0 24209648128.0 31469683892.0 24507482112.0 25509680172.0 24096298364.0 8998841088.0 4542633064.0 7150342444.0 461376752.0 1012502584.0 16171122196.0 1031782016.0 5676795512.0 6984472848.0 6327310140.0 6595227764.0 31913443232.0 26176815000.0 8744219624.0 12096513964.0 23190165060.0 23494314720.0 8519182116.0 8120962124.0 17957793696.0 22280042908.0 10353387388.0 5997565372.0 3262877664.0 3609907440.0 10187185388.0 3470630164.0 18567755036.0 18900823844.0 22532337544.0 1181363816.0 27326600436.0 32187011724.0 25855047928.0 4445571096.0 27642051832.0 28467743368.0 3648798708.0 20085844104.0 22362479100.0 7379036396.0 6431352592.0 24190701100.0 8191764176.0 12083882612.0 22727126288.0 9561933464.0 10047243304.0 20064570248.0 33201841136.0 8874854396.0 4948165944.0 28730674932.0 24378509360.0 27309647832.0 22415331336.0 2606379764.0 21002281932.0 16579314308.0 30382058004.0 3403816960.0 28791504864.0 30761995776.0 6812952384.0 31130631812.0 29081028748.0 16333667752.0 5679454744.0 
4631464376.0 5932533376.0 11337813872.0 14179689832.0 -1478924193824.0 5389923616.0 4753636888.0 13473785248.0 1201419912.0 1999295144.0 14929617472.0 16065344064.0 14879622296.0 11275874456.0 4110012984.0 6675465104.0 49995176.0 12216227408.0 9138538024.0 9350292336.0 14708819664.0 7719903576.0 7797882400.0 5001906448.0 10147485040.0 5693648576.0 7697892048.0 7024919440.0 2490374040.0 15083356904.0 6601922712.0 7775700240.0 118418608.0 2875319832.0 11240212368.0 339216416.0 11795278264.0 2063282144.0 16504209568.0 5874177232.0 13113922360.0 11594444400.0 15328384456.0 1309771232.0 967142176.0 5313992376.0 11997989080.0 14256474232.0 1161150760.0 3362986088.0 91629384.0 9793082376.0 13427543976.0 8424784368.0 8635344256.0 11366480048.0 13609778952.0 15563685984.0 16350982032.0 7768192432.0 14917843864.0 15373431304.0 925678600.0 7978922952.0 5985770560.0 11292425760.0 10258054576.0 15444584848.0 2094678432.0 2995615392.0 5173562240.0 9584570072.0 9464445144.0 8770484800.0 3351212480.0 582367016.0 601648432.0 12469615928.0 15395784096.0 10175298056.0 2094678432.0 16169600216.0 2939989360.0 16475884656.0 4542053208.0 10899289632.0 15542186352.0 13720519120.0 8613503360.0 2672950280.0 4650233896.0 5576595024.0 10308561648.0 3000904984.0 9583205016.0 3746396192.0 8294592152.0 5451521768.0 5298294232.0 8551905208.0 7823135936.0 9111066272.0 7429658544.0 14256815496.0 9773289064.0 16530486896.0 3770796568.0 12427469824.0 16154243336.0 12580356096.0 13094811576.0 12369284312.0 4619349504.0 2331856912.0 3670464952.0 236837216.0 519745072.0 8301076168.0 529641728.0 2914053296.0 3585319584.0 3247980120.0 3385509512.0 16382037056.0 13437270000.0 4488645392.0 6209469112.0 11904141480.0 12060269760.0 4373127528.0 4168710392.0 9218223168.0 11436951064.0 5314674904.0 3078713176.0 1674923712.0 1853063520.0 5229358904.0 1781568712.0 9531332888.0 9702306152.0 11566460752.0 606426128.0 14027486088.0 16522467192.0 13272098224.0 2282032368.0 14189415856.0 14613265744.0 1873027464.0 10310609232.0 11479267800.0 3787859768.0 3301387936.0 12417743800.0 4205055008.0 6202985096.0 11666451104.0 4908400112.0 5157522832.0 10299688784.0 17043406688.0 4555703768.0 2540027952.0 14748235656.0 12514150880.0 14018783856.0 11506398288.0 1337925512.0 10781041656.0 8510612264.0 15595935432.0 1747271680.0 14779461312.0 15790967808.0 3497273472.0 15980198696.0 14928081784.0 8384515216.0 2915418352.0 
3429572336.0 4393006336.0 8395584992.0 10499977552.0 5389923616.0 -1096533449504.0 3520040368.0 9977259328.0 889644432.0 1480466384.0 11055294592.0 11896293504.0 11018273456.0 8349719216.0 3043440624.0 4943142944.0 37021136.0 9046045088.0 6767034064.0 6923836896.0 10891795104.0 5716543536.0 5774286400.0 3703882528.0 7514153440.0 4216113536.0 5700244128.0 5201911840.0 1844107440.0 11169137744.0 4888685232.0 5757860640.0 87688288.0 2129157552.0 8323311648.0 251187776.0 8734334704.0 1527848384.0 12221270848.0 4349793952.0 9710782960.0 8585618400.0 11350579216.0 969877952.0 716163136.0 3934980336.0 8884440880.0 10556835952.0 859825360.0 2490271568.0 67851024.0 7251720336.0 9943017936.0 6238503648.0 6394422016.0 8416812128.0 10077961872.0 11524818624.0 12107806752.0 5752301152.0 11046576304.0 11383936144.0 685459600.0 5908345872.0 4432428160.0 8361975360.0 7596029536.0 11436624928.0 1551097152.0 2218235712.0 3830992640.0 7097318192.0 7008366384.0 6494492800.0 2481553280.0 431239376.0 445517152.0 9233677808.0 11400488256.0 7534748816.0 1551097152.0 11973494576.0 2177044960.0 12200296416.0 3363363888.0 8070860352.0 11508898272.0 10159964320.0 6378248960.0 1979304080.0 3443471056.0 4129436064.0 7633429728.0 2222152624.0 7096307376.0 2774184512.0 6142097072.0 4036820048.0 3923355952.0 6332635888.0 5792986496.0 6746691392.0 5501618784.0 10557088656.0 7237063504.0 12240729056.0 2792252848.0 9202468864.0 11962122896.0 9315680256.0 9696631536.0 9159382832.0 3420601344.0 1726726432.0 2717957872.0 175376576.0 384868192.0 6146898448.0 392196608.0 2157839456.0 2654908224.0 2405110320.0 2506950032.0 12130802816.0 9950220000.0 3323815712.0 4598075632.0 8814947280.0 8930559360.0 3238275408.0 3086905712.0 6826040448.0 8468995504.0 3935485744.0 2279769136.0 1240271232.0 1372182720.0 3872309744.0 1319241232.0 7057896368.0 7184501072.0 8564896672.0 449055008.0 10387271568.0 12234790512.0 9827911264.0 1689831648.0 10507179616.0 10821037984.0 1386965904.0 7634945952.0 8500330800.0 2804888048.0 2444658496.0 9195266800.0 3113818688.0 4593274256.0 8638938944.0 3634641632.0 3819115552.0 7626859424.0 12620543168.0 3373472048.0 1880875872.0 10920982416.0 9266655680.0 10380827616.0 8520420768.0 990726032.0 7983298416.0 6302058704.0 11548699152.0 1293844480.0 10944104832.0 11693119488.0 2589710592.0 11833243856.0 11054157424.0 6208684576.0 2158850272.0 
3024707348.0 3874406848.0 7404476456.0 9260443036.0 4753636888.0 3520040368.0 -967501950116.0 8799432304.0 784620876.0 1305695612.0 9750204256.0 10491922272.0 9717553508.0 7364025188.0 2684158932.0 4359599192.0 32650748.0 7978148984.0 5968177852.0 6106469928.0 9606006072.0 5041698948.0 5092625200.0 3266634904.0 6627098920.0 3718396448.0 5027323704.0 4587820120.0 1626408420.0 9850608092.0 4311570276.0 5078138520.0 77336584.0 1877808036.0 7340735064.0 221534768.0 7703236372.0 1347484112.0 10778535664.0 3836295736.0 8564413780.0 7572076200.0 10010630188.0 855382736.0 631619248.0 3470451348.0 7835622340.0 9310589236.0 758321980.0 2196292124.0 59841132.0 6395646348.0 8769233148.0 5502041064.0 5639553088.0 7423197704.0 8888246796.0 10164300432.0 10678466136.0 5073235336.0 9742515172.0 10040049292.0 604540300.0 5210858796.0 3909174880.0 7374834480.0 6699309448.0 10086518104.0 1367988336.0 1956370416.0 3378739520.0 6259471556.0 6181020612.0 5727810400.0 2188603040.0 380331068.0 392923336.0 8143631444.0 10054647408.0 6645262988.0 1367988336.0 10560009668.0 1920042280.0 10760037288.0 2966314884.0 7118085936.0 10150259496.0 8960568760.0 5625289280.0 1745644940.0 3036965308.0 3641951352.0 6732294504.0 1959824932.0 6258580068.0 2446688816.0 5417015396.0 3560268764.0 3460199236.0 5585060884.0 5109117728.0 5950236656.0 4852146312.0 9310812108.0 6382719772.0 10795696808.0 2462624164.0 8116106752.0 10549980428.0 8215953408.0 8551932948.0 8078107076.0 3016795392.0 1522884376.0 2397099796.0 154673168.0 339434056.0 5421249964.0 345897344.0 1903104008.0 2341493232.0 2121184260.0 2211001676.0 10698747488.0 8775585000.0 2931435416.0 4055267476.0 7774332540.0 7876296480.0 2855993244.0 2722492916.0 6020218464.0 7469220772.0 3470897092.0 2010639748.0 1093855776.0 1210194960.0 3415179092.0 1163503276.0 6224703524.0 6336362396.0 7553800696.0 396043544.0 9161042124.0 10790459316.0 8667714952.0 1490345064.0 9266794888.0 9543601912.0 1223232972.0 6733631736.0 7496856900.0 2473767764.0 2156063728.0 8109754900.0 2746228784.0 4051032908.0 7619102192.0 3205567976.0 3368264536.0 6726499832.0 11130673424.0 2975229764.0 1658836296.0 9631747788.0 8172716240.0 9155358888.0 7514575224.0 873769676.0 7040860788.0 5558093372.0 10185361836.0 1141104640.0 9652140576.0 10312733184.0 2283992256.0 10436315708.0 9749201332.0 5475742168.0 1903995496.0 
8573279408.0 10981681408.0 20987367776.0 26247949456.0 13473785248.0 9977259328.0 8799432304.0 -2726161348256.0 2223942096.0 3700884752.0 27636136576.0 29738474112.0 27543590768.0 20872712048.0 7608023472.0 12356918432.0 92545808.0 22613394464.0 16916299792.0 17308277088.0 27227418912.0 14290273008.0 14434619200.0 9259002784.0 18783956320.0 10539483008.0 14249527584.0 13003791520.0 4609918320.0 27920722832.0 12220784496.0 14393557920.0 219204064.0 5322489456.0 20806698144.0 627921728.0 21834177712.0 3819330752.0 30550855744.0 10873658656.0 24275112880.0 21462415200.0 28374292048.0 2424510656.0 1790271808.0 9836703408.0 22209414640.0 26390084656.0 2149400080.0 6225205904.0 169614672.0 18127923408.0 24855656208.0 15595074144.0 15984840448.0 21040431584.0 25192990416.0 28809857472.0 30267217056.0 14379660256.0 27614342512.0 28457678032.0 1713518800.0 14769742416.0 11080228480.0 20903350080.0 18988631008.0 28589389984.0 3877448256.0 5545167936.0 9576753920.0 17741947376.0 17519584752.0 16234998400.0 6203411840.0 1078016528.0 1113708256.0 23082440624.0 28499055168.0 18835440848.0 3877448256.0 29931462128.0 5442198880.0 30498423648.0 8407770864.0 20175617856.0 28770059616.0 25397980960.0 15944410880.0 4947884240.0 8608023568.0 10322805792.0 19082124384.0 5554959472.0 17739420528.0 6934934336.0 15354076016.0 10091283344.0 9807644656.0 15830386864.0 14481365888.0 16865446976.0 13753001952.0 26390716368.0 18091284112.0 30599497568.0 6980101744.0 23004424192.0 29903035088.0 23287431168.0 24239737008.0 22896717296.0 8550853632.0 4316488096.0 6794378416.0 438408128.0 962097376.0 15366078544.0 980417024.0 5394188768.0 6636766272.0 6012318960.0 6266898896.0 30324702848.0 24873660000.0 8308907936.0 11494315696.0 22035693840.0 22324702080.0 8095073424.0 7716677936.0 17063804544.0 21170880112.0 9837966832.0 5698989808.0 3100442496.0 3430196160.0 9680038832.0 3297852496.0 17643400304.0 17959888016.0 21410614816.0 1122552224.0 25966205904.0 30584652336.0 24567911392.0 4224258144.0 26265953248.0 27050539552.0 3467151312.0 19085914656.0 21249212400.0 7011687344.0 6111181888.0 22986420400.0 7783955264.0 11482313168.0 21595706432.0 9085913696.0 9547063456.0 19065699872.0 31548960704.0 8433039344.0 4701832416.0 27300381648.0 23164879040.0 25950097248.0 21299433504.0 2476626896.0 19956729648.0 15753949712.0 28869554256.0 3234365440.0 27358183296.0 29230577664.0 6473784576.0 29580861968.0 27633293872.0 15520532128.0 5396715616.0 
764455452.0 979205952.0 1871385144.0 2340456564.0 1201419912.0 889644432.0 784620876.0 2223942096.0 -245109855636.0 329997588.0 2464237344.0 2651696928.0 2455985292.0 1861161612.0 678386268.0 1101832008.0 8252052.0 2016373416.0 1508379348.0 1543330872.0 2427793128.0 1274223852.0 1287094800.0 825599496.0 1674913080.0 939776352.0 1270590696.0 1159511880.0 411053580.0 2489613108.0 1089693324.0 1283433480.0 19545816.0 474591564.0 1855275336.0 55990032.0 1946892828.0 340559088.0 2724134736.0 969573864.0 2164544220.0 1913743800.0 2530056612.0 216186864.0 159633552.0 877111452.0 1980351660.0 2353130364.0 191656020.0 555084276.0 15124068.0 1616416452.0 2216309652.0 1390569336.0 1425323712.0 1876116696.0 2246388804.0 2568894768.0 2698843464.0 1282194264.0 2462294028.0 2537491908.0 152789700.0 1316976804.0 987993120.0 1863893520.0 1693163352.0 2549236296.0 345741264.0 494447184.0 853932480.0 1582000044.0 1562172588.0 1447629600.0 553140960.0 96123732.0 99306264.0 2058196956.0 2541181392.0 1679503812.0 345741264.0 2668905132.0 485265720.0 2719459512.0 749697516.0 1799003664.0 2565346104.0 2264667240.0 1421718720.0 441189060.0 767553492.0 920455848.0 1701499896.0 495320268.0 1581774732.0 618368784.0 1369080204.0 899811636.0 874520364.0 1411551516.0 1291263072.0 1503844944.0 1226316888.0 2353186692.0 1613149428.0 2728471992.0 622396236.0 2051240448.0 2666370372.0 2076475392.0 2161389852.0 2041636524.0 762455808.0 384889224.0 605835804.0 39091632.0 85787544.0 1370150436.0 87421056.0 480984792.0 591781968.0 536101740.0 558801924.0 2703969312.0 2217915000.0 740882184.0 1024916124.0 1964861460.0 1990631520.0 721815156.0 688074684.0 1521531936.0 1887748428.0 877224108.0 508163052.0 276457824.0 305861040.0 863142108.0 294060324.0 1573212876.0 1601433204.0 1909124904.0 100094856.0 2315334276.0 2727148284.0 2190652248.0 376665336.0 2342061912.0 2412021288.0 309156228.0 1701837864.0 1894733100.0 625212636.0 544917072.0 2049635100.0 694073616.0 1023845892.0 1925629008.0 810165624.0 851285064.0 1700035368.0 2813132976.0 751950636.0 419249304.0 2434299012.0 2065547760.0 2313897912.0 1899211176.0 220833924.0 1779486012.0 1404735828.0 2574217764.0 288399360.0 2439453024.0 2606409216.0 577249344.0 2637643092.0 2463983868.0 1383922632.0 481210104.0 
1272138124.0 1629506624.0 3114191128.0 3894777668.0 1999295144.0 1480466384.0 1305695612.0 3700884752.0 329997588.0 -407670658964.0 4100762528.0 4412715936.0 4087030204.0 3097178044.0 1128909516.0 1833569896.0 13732324.0 3355467592.0 2510109476.0 2568272664.0 4040115336.0 2120448924.0 2141867600.0 1373888552.0 2787239960.0 1563891424.0 2114402952.0 1929555560.0 684038460.0 4142990596.0 1813369788.0 2135774760.0 32526392.0 789772668.0 3087382632.0 93173584.0 3239844236.0 566727856.0 4533260432.0 1613477768.0 3602040140.0 3184680600.0 4210293044.0 359758768.0 265647824.0 1459610124.0 3295523420.0 3915868268.0 318936740.0 923721412.0 25168116.0 2689895124.0 3688183524.0 2314060632.0 2371895744.0 3122064952.0 3738238548.0 4274924016.0 4491172968.0 2133712568.0 4097528636.0 4222666196.0 254258900.0 2191594548.0 1644129440.0 3101724240.0 2817610424.0 4242210152.0 575351568.0 822814608.0 1421037760.0 2632622428.0 2599627356.0 2409015200.0 920487520.0 159960484.0 165256568.0 3425066572.0 4228805904.0 2794879444.0 575351568.0 4441352284.0 807535640.0 4525480344.0 1247579292.0 2993740368.0 4269018648.0 3768655880.0 2365896640.0 734187220.0 1277293604.0 1531739976.0 2831483352.0 824267516.0 2632247484.0 1029033808.0 2278300348.0 1497385732.0 1455298268.0 2348977292.0 2148804064.0 2502563728.0 2040726456.0 3915962004.0 2684458436.0 4540478104.0 1035735932.0 3413490176.0 4437134164.0 3455483904.0 3596790924.0 3397508188.0 1268810496.0 640498088.0 1008177548.0 65052784.0 142759928.0 2280081332.0 145478272.0 800411704.0 984790416.0 892132380.0 929907988.0 4499702944.0 3690855000.0 1232909608.0 1705573388.0 3269746020.0 3312630240.0 1201179972.0 1145032108.0 2531996832.0 3141421436.0 1459797596.0 845639324.0 460056288.0 508986480.0 1436363596.0 489348788.0 2617999612.0 2664961348.0 3176994248.0 166568872.0 3852971412.0 4538275308.0 3645486776.0 626812632.0 3897449144.0 4013869256.0 514470036.0 2832045768.0 3153044700.0 1040422732.0 906802064.0 3410818700.0 1155014992.0 1703792404.0 3204458896.0 1348204888.0 1416632168.0 2829046216.0 4681363312.0 1251328732.0 697677048.0 4050941844.0 3437299120.0 3850581144.0 3160496712.0 367491988.0 2961260844.0 2337635236.0 4283782068.0 479928320.0 4059518688.0 4337352192.0 960606528.0 4389328804.0 4100340716.0 2302999784.0 800786648.0 
9499615712.0 12168243712.0 23255036864.0 29084020384.0 14929617472.0 11055294592.0 9750204256.0 27636136576.0 2464237344.0 4100762528.0 -3017734940096.0 32951693568.0 30519654752.0 23127992672.0 8430064608.0 13692074048.0 102545312.0 25056754496.0 18744093088.0 19178423232.0 30169320768.0 15834326112.0 15994268800.0 10259430976.0 20813548480.0 11678266112.0 15789178176.0 14408841280.0 5108016480.0 30937535648.0 13541230944.0 15948770880.0 242888896.0 5897580384.0 23054846016.0 695768192.0 24193343968.0 4232006528.0 33851852416.0 12048549184.0 26898020320.0 23781412800.0 31440112672.0 2686477184.0 1983709312.0 10899551712.0 24609124960.0 29241513184.0 2381641120.0 6897834656.0 187941408.0 20086631712.0 27541290912.0 17280110016.0 17711990272.0 23313834176.0 27915073824.0 31922740608.0 33537566784.0 15933371584.0 30598051168.0 31532508448.0 1898663200.0 16365601824.0 12277438720.0 23161941120.0 21040338112.0 31678451776.0 4296403584.0 6144319104.0 10611514880.0 19658951264.0 19412562528.0 17989177600.0 6873685760.0 1194495392.0 1234043584.0 25576480736.0 31578356352.0 20870595872.0 4296403584.0 33165533792.0 6030224320.0 33793755072.0 9316224096.0 22355577984.0 31878642624.0 28142213440.0 17667192320.0 5482499360.0 9538113952.0 11438177088.0 21143933376.0 6155168608.0 19656151392.0 7684248704.0 17013072224.0 11181638816.0 10867353184.0 17540848096.0 16046066432.0 18687745664.0 15239003328.0 29242213152.0 20046033568.0 33905749952.0 7734296416.0 25490034688.0 33134035232.0 25803620352.0 26858822112.0 25370690144.0 9474766848.0 4782881344.0 7528505824.0 485777792.0 1066051264.0 17026371616.0 1086350336.0 5977026752.0 7353863808.0 6661945440.0 6944032544.0 33601263872.0 27561240000.0 9206679104.0 12736267744.0 24416633760.0 24736869120.0 8969739936.0 8550459104.0 18907535616.0 23458377568.0 10900951648.0 6314761312.0 3435442944.0 3800826240.0 10725959648.0 3654182944.0 19549756256.0 19900440224.0 23724015424.0 1243843136.0 28771834656.0 33889300704.0 27222455488.0 4680686016.0 29103969472.0 29973329728.0 3841774368.0 21148133184.0 23545173600.0 7769294816.0 6771490432.0 25470085600.0 8625005696.0 12722968352.0 23929106048.0 10067639744.0 10578616384.0 21125734208.0 34957801856.0 9344222816.0 5209861824.0 30250167072.0 25667826560.0 28753985472.0 23600821056.0 2744224544.0 22113039072.0 17456151968.0 31988887584.0 3583836160.0 30314214144.0 32388919296.0 7173272064.0 32777051552.0 30619050208.0 17197513792.0 5979826624.0 
10222270944.0 13093906944.0 25024095168.0 31296501408.0 16065344064.0 11896293504.0 10491922272.0 29738474112.0 2651696928.0 4412715936.0 32951693568.0 -3244793517504.0 32841347424.0 24887386464.0 9071356896.0 14733658176.0 110346144.0 26962873152.0 20169994656.0 20637365184.0 32464362816.0 17038875744.0 17210985600.0 11039886912.0 22396877760.0 12566655744.0 16990293312.0 15504951360.0 5496593760.0 33291017376.0 14571340128.0 17162026560.0 261365952.0 6346221408.0 24808675392.0 748696704.0 26033781216.0 4553943936.0 36427032192.0 12965107008.0 28944207840.0 25590513600.0 33831826464.0 2890843008.0 2134614144.0 11728702944.0 26481191520.0 31465975008.0 2562817440.0 7422567072.0 202238496.0 21614662944.0 29636413344.0 18594643392.0 19059377664.0 25087365312.0 30038630688.0 34351168896.0 36088838208.0 17145455808.0 32925707616.0 33931250976.0 2043098400.0 17610566688.0 13211408640.0 24923917440.0 22640919744.0 34088296512.0 4623239808.0 6611730048.0 11418754560.0 21154447968.0 20889315936.0 19357651200.0 7396581120.0 1285363104.0 1327919808.0 27522136032.0 33980586624.0 22458264864.0 4623239808.0 35688503904.0 6488955840.0 36364515264.0 10024928352.0 24056212608.0 34303716288.0 30283049280.0 19011171840.0 5899564320.0 10263697824.0 12308302656.0 22752395712.0 6623404896.0 21151435104.0 8268805248.0 18307291488.0 12032248992.0 11694055008.0 18875216352.0 17266723584.0 20109360768.0 16398265536.0 31466728224.0 21570976416.0 36485029824.0 8322660192.0 27429113856.0 35654609184.0 27766554624.0 28902027744.0 27300690528.0 10195531776.0 5146724928.0 8101214688.0 522731904.0 1147147968.0 18321602592.0 1168991232.0 6431711424.0 7913287296.0 7168733280.0 7472279328.0 36157380864.0 29657880000.0 9907050048.0 13705141728.0 26274057120.0 26618653440.0 9652086432.0 9200910048.0 20345870592.0 25242904416.0 11730209376.0 6795138144.0 3696784128.0 4089962880.0 11541905376.0 3932164128.0 21036946272.0 21414307488.0 25528749888.0 1338464832.0 30960567072.0 36467329248.0 29293323456.0 5036755392.0 31317968064.0 32253462336.0 4134026016.0 22756915008.0 25336303200.0 8360320992.0 7286611584.0 27407647200.0 9281127552.0 13690830624.0 25749442176.0 10833505728.0 11383353408.0 22732812096.0 37617113472.0 10055056992.0 5606186688.0 32551359264.0 27620430720.0 30941360064.0 25396183872.0 2952983328.0 23795223264.0 18784077216.0 34422347808.0 3856465920.0 32620278528.0 34852810752.0 7718957568.0 35270469024.0 32948304096.0 18505763904.0 6434724288.0 
9467804116.0 12127495616.0 23177162152.0 28986626012.0 14879622296.0 11018273456.0 9717553508.0 27543590768.0 2455985292.0 4087030204.0 30519654752.0 32841347424.0 -3007731579044.0 23050543396.0 8401834644.0 13646223064.0 102201916.0 24972846328.0 18681324284.0 19114199976.0 30068292024.0 15781301316.0 15940708400.0 10225074968.0 20743849640.0 11639158816.0 15736304568.0 14360590040.0 5090911140.0 30833934364.0 13495885092.0 15895362840.0 242075528.0 5877831012.0 22977641688.0 693438256.0 24112327124.0 4217834704.0 33738491888.0 12008201912.0 26807946260.0 23701775400.0 31334828396.0 2677480912.0 1977066416.0 10863052116.0 24526715780.0 29143591412.0 2373665660.0 6874735708.0 187312044.0 20019367116.0 27449062716.0 17222243688.0 17652677696.0 23235762568.0 27821593932.0 31815840144.0 33425258712.0 15880015112.0 30495586724.0 31426914764.0 1892305100.0 16310797932.0 12236324960.0 23084378160.0 20969879816.0 31572369368.0 4282016112.0 6123743472.0 10575979840.0 19593118852.0 19347555204.0 17928936800.0 6850667680.0 1190495356.0 1229911112.0 25490832148.0 31472609136.0 20800705996.0 4282016112.0 33054471556.0 6010030760.0 33680589096.0 9285026628.0 22280715312.0 31771889832.0 28047972920.0 17608029760.0 5464139980.0 9506173436.0 11399873784.0 21073128168.0 6134556644.0 19590328356.0 7658516272.0 16956100132.0 11144194588.0 10830961412.0 17482108628.0 15992332576.0 18625165552.0 15187972104.0 29144289036.0 19978904924.0 33792208936.0 7708396388.0 25404675584.0 33023078476.0 25717211136.0 26768879316.0 25285730692.0 9443038464.0 4766864792.0 7503294932.0 484151056.0 1062481352.0 16969354988.0 1082712448.0 5957011336.0 7329237744.0 6639636420.0 6920778892.0 33488742496.0 27468945000.0 9175848472.0 12693617492.0 24334869180.0 24654032160.0 8939702748.0 8521825972.0 18844219488.0 23379821924.0 10864447364.0 6293614916.0 3423938592.0 3788098320.0 10690041364.0 3641946092.0 19484289508.0 19833799132.0 23644570232.0 1239677848.0 28675485708.0 33775814772.0 27131294984.0 4665011688.0 29006508296.0 29872957304.0 3828909324.0 21077313912.0 23466327300.0 7743277588.0 6748814576.0 25384793300.0 8596122928.0 12680362636.0 23848974064.0 10033925992.0 10543191512.0 21054989944.0 34840737808.0 9312931588.0 5192415432.0 30148867596.0 25581872080.0 28657696296.0 23521788408.0 2735034892.0 22038988596.0 17397696124.0 31881765612.0 3571834880.0 30212700192.0 32280457728.0 7149250752.0 32667290236.0 30516515444.0 17139924056.0 5959801832.0 
7174763476.0 9190294976.0 17563804072.0 21966253532.0 11275874456.0 8349719216.0 7364025188.0 20872712048.0 1861161612.0 3097178044.0 23127992672.0 24887386464.0 23050543396.0 -2284861225124.0 6366964884.0 10341196504.0 77449276.0 18924585208.0 14156828924.0 14484864936.0 22785947064.0 11959172676.0 12079972400.0 7748628248.0 15719824040.0 8820230176.0 11925073848.0 10882548440.0 3857925540.0 23366155804.0 10227269412.0 12045609240.0 183446408.0 4454258532.0 17412606168.0 525492016.0 18272478164.0 3196302544.0 25567248368.0 9099893432.0 20315235860.0 17961359400.0 23745736556.0 2029012432.0 1498233776.0 8232091476.0 18586504580.0 22085202932.0 1798779260.0 5209719388.0 141946284.0 15170806476.0 20801078076.0 13051128168.0 13377313856.0 17608211848.0 21083384652.0 24110250384.0 25329878232.0 12033978632.0 23109753764.0 23815520204.0 1434001100.0 12360428652.0 9272766560.0 17493491760.0 15891111176.0 23925746648.0 3244939632.0 4640612592.0 8014546240.0 14847792772.0 14661703044.0 13586664800.0 5191480480.0 902165116.0 932034632.0 19317118228.0 23850147696.0 15762910156.0 3244939632.0 25048893316.0 4554440360.0 25523369256.0 7036253508.0 16884470832.0 24076944552.0 21254936120.0 13343479360.0 4140760780.0 7203839996.0 8638898424.0 15969353448.0 4648806884.0 14845678116.0 5803673392.0 12849442852.0 8445143068.0 8207772932.0 13248055508.0 12119093536.0 14114271472.0 11509543944.0 22085731596.0 15140143964.0 25607955496.0 5841472868.0 19251828224.0 25025103436.0 19488669696.0 20285630676.0 19161691012.0 7155995904.0 3612361112.0 5686045652.0 366892816.0 805155272.0 12859487468.0 820486528.0 4514261896.0 5554143984.0 5031559620.0 5244611212.0 25377986656.0 20816145000.0 6953517592.0 9619305812.0 18441121980.0 18682985760.0 6774564828.0 6457895092.0 14280271968.0 17717380964.0 8233148804.0 4769342276.0 2594682912.0 2870645520.0 8100982804.0 2759890412.0 14765321188.0 15030181852.0 17918008952.0 939435928.0 21730469388.0 25595531892.0 20560271624.0 3535176168.0 21981320456.0 22637921144.0 2901572364.0 15972525432.0 17782935300.0 5867906068.0 5114295536.0 19236761300.0 6514197808.0 9609261196.0 18072907504.0 7603774312.0 7989699032.0 15955608184.0 26402537488.0 7057400068.0 3934846152.0 22847007756.0 19386108880.0 21716988456.0 17824964088.0 2072627212.0 16701288756.0 13184087164.0 24160209132.0 2706759680.0 22895380512.0 24462340608.0 5417748672.0 24755484796.0 23125613684.0 12988745816.0 4516376552.0 
2615173764.0 3349827264.0 6401939208.0 8006615148.0 4110012984.0 3043440624.0 2684158932.0 7608023472.0 678386268.0 1128909516.0 8430064608.0 9071356896.0 8401834644.0 6366964884.0 -836869382244.0 3769326456.0 28229964.0 6897938712.0 5160109836.0 5279677704.0 8305390296.0 4359072564.0 4403103600.0 2824345272.0 5729815560.0 3214940064.0 4346643672.0 3966647160.0 1406199060.0 8516874156.0 3727800468.0 4390578360.0 66865512.0 1623560148.0 6346828152.0 191539824.0 6660248196.0 1165040016.0 9319163952.0 3316876248.0 7404825540.0 6546846600.0 8655229884.0 739567248.0 546100464.0 3000565764.0 6774709620.0 8049971748.0 655648140.0 1898922732.0 51738876.0 5529700764.0 7581913164.0 4757086152.0 4875979584.0 6418125672.0 7684812828.0 8788093776.0 9232643448.0 4386339048.0 8423416596.0 8680665756.0 522687900.0 4505328828.0 3379887840.0 6376310640.0 5792249064.0 8720842872.0 1182768048.0 1691485488.0 2921271360.0 5411963508.0 5344134516.0 4952287200.0 1892274720.0 328835724.0 339723048.0 7041015492.0 8693287344.0 5745520284.0 1182768048.0 9130225524.0 1660076040.0 9303170184.0 2564687412.0 6154324848.0 8775953928.0 7747342680.0 4863647040.0 1509291420.0 2625772044.0 3148845336.0 5820768072.0 1694472276.0 5411192724.0 2115416688.0 4683572628.0 3078222252.0 2991701748.0 4828865412.0 4417363104.0 5144597808.0 4195184616.0 8050164444.0 5518524396.0 9334001544.0 2129194452.0 7017217536.0 9121554204.0 7103545344.0 7394034564.0 6984362868.0 2608333056.0 1316691768.0 2072541828.0 133731024.0 293476008.0 4687233852.0 299064192.0 1645431144.0 2024464176.0 1833984180.0 1911640668.0 9250178784.0 7587405000.0 2534530488.0 3506200068.0 6721718220.0 6809876640.0 2469302892.0 2353877988.0 5205104352.0 6457917396.0 3000951156.0 1738406964.0 945751968.0 1046339280.0 2952777156.0 1005969468.0 5381902932.0 5478443628.0 6531045528.0 342420792.0 7920672732.0 9329473188.0 7494140136.0 1288558152.0 8012106984.0 8251435416.0 1057611996.0 5821924248.0 6481811700.0 2138829252.0 1864141104.0 7011725700.0 2374400112.0 3502538844.0 6587505456.0 2771546568.0 2912214648.0 5815757976.0 9623623632.0 2572395252.0 1434236328.0 8327646684.0 7066162320.0 7915758984.0 6497131032.0 755464668.0 6087555684.0 4805549196.0 8806303548.0 986603520.0 8345278368.0 8916429312.0 1974748608.0 9023279244.0 8429197476.0 4734348024.0 1646201928.0 
4247553784.0 5440774784.0 10398001648.0 13004309288.0 6675465104.0 4943142944.0 4359599192.0 12356918432.0 1101832008.0 1833569896.0 13692074048.0 14733658176.0 13646223064.0 10341196504.0 3769326456.0 -1356886791584.0 45850984.0 11203601872.0 8381027816.0 8575229424.0 13489578576.0 7079986584.0 7151501600.0 4587289232.0 9306341360.0 5221691584.0 7059799632.0 6442610960.0 2283942360.0 13833069736.0 6054677208.0 7131158160.0 108602672.0 2636979288.0 10308490512.0 311098144.0 10817545976.0 1892252896.0 15136145312.0 5387255888.0 12026885240.0 10633359600.0 14057786504.0 1201201888.0 886973984.0 4873505784.0 11003453720.0 13074728888.0 1064900840.0 3084221992.0 84034056.0 8981315784.0 12314510184.0 7726438512.0 7919544704.0 10424291632.0 12481639368.0 14273583456.0 14995619088.0 7124272688.0 13681276376.0 14099099336.0 848947400.0 7317535368.0 5489599040.0 10356375840.0 9407745584.0 14164354832.0 1921046688.0 2747303328.0 4744716160.0 8790087448.0 8679919896.0 8043483200.0 3073424320.0 534093544.0 551776688.0 11435986552.0 14119599264.0 9331848904.0 1921046688.0 14829272344.0 2696288240.0 15110168304.0 4165554072.0 9995827488.0 14253865968.0 12583200080.0 7899514240.0 2451384520.0 4264767464.0 5114340816.0 9454066032.0 2752154456.0 8788835544.0 3435850528.0 7607038168.0 4999635112.0 4859108888.0 7843022072.0 7174661824.0 8355833248.0 6813800496.0 13075041864.0 8963163176.0 15160244464.0 3458228312.0 11397334016.0 14815188424.0 11537547264.0 12009358584.0 11343971608.0 4236443136.0 2138565008.0 3366213368.0 217205344.0 476662448.0 7612984712.0 485738752.0 2672502064.0 3288125856.0 2978749080.0 3104878408.0 15024099904.0 12323430000.0 4116573328.0 5694754808.0 10917385320.0 11060571840.0 4010630952.0 3823158328.0 8454107712.0 10488921176.0 4874131736.0 2823512984.0 1536086208.0 1699459680.0 4795887736.0 1633891208.0 8741263192.0 8898064168.0 10607695568.0 556158352.0 12864721992.0 15152889528.0 12171949616.0 2092870512.0 13013229104.0 13401945296.0 1717768776.0 9455943888.0 10527730200.0 3473877112.0 3027729824.0 11388414200.0 3856490272.0 5688808264.0 10699397536.0 4501533808.0 4730006288.0 9445928656.0 15630647392.0 4178073112.0 2329480368.0 13525727304.0 11476829920.0 12856741104.0 10552611792.0 1227022408.0 9887381304.0 7805151976.0 14303159688.0 1602437120.0 13554364608.0 14482025472.0 3207378048.0 14655570664.0 13690665656.0 7689507344.0 2673753968.0 
