-1619525131560.0 17387722380.0 2295623400.0 8645114940.0 13390269900.0 19351611300.0 16377440100.0 20573517300.0 23875783260.0 667108680.0 24274852560.0 3458773920.0 15706171740.0 12196181760.0 15946653240.0 19887430080.0 12671425200.0 10072145160.0 5577610920.0 6730102260.0 16903379640.0 6294635760.0 17426979360.0 8392154400.0 13300316820.0 15883998060.0 6914168100.0 13273278900.0 22140416760.0 23643101160.0 3212312880.0 21192269700.0 3491531400.0 6716323320.0 9938775420.0 7585956420.0 15920915220.0 3636860220.0 558177060.0 19932926580.0 17723356560.0 25172043540.0 19788117720.0 17541110580.0 20270640600.0 11763575040.0 20272720440.0 21613697280.0 17015950980.0 25579692180.0 2155234200.0 22267546980.0 9672035940.0 2818183200.0 2932314420.0 15966151740.0 9564144240.0 8424911880.0 7616634060.0 21997167780.0 14576298660.0 18283353480.0 23161358220.0 22858221540.0 6186484080.0 16855803300.0 11997037080.0 25529516040.0 4951579080.0 8145693360.0 2890977600.0 10019369220.0 13484122680.0 2227248660.0 10488893100.0 9392557440.0 4749314640.0 20444827200.0 11473437360.0 11314069620.0 325234980.0 8850759120.0 4003172040.0 6846313320.0 3663898140.0 23128860720.0 13143028920.0 4520792220.0 14293960380.0 22138076940.0 6846053340.0 20280779820.0 9772648200.0 10688557740.0 922149060.0 13263919620.0 9875860260.0 8881436760.0 22883699580.0 1901233740.0 20917210860.0 18253715760.0 5146044120.0 22149516060.0 19574934120.0 12301733640.0 6332072880.0 25664705640.0 5218058580.0 1927751700.0 2699372340.0 24797412360.0 9961133700.0 1494625020.0 25408105380.0 5877627840.0 185885700.0 16710214500.0 1776443340.0 16900519860.0 23429917560.0 18392805060.0 24573569580.0 17663821140.0 1477726320.0 809837700.0 11203838100.0 9030145320.0 23370122160.0 5416423320.0 
17387722380.0 -1666015340864.0 2362236920.0 8895975572.0 13778823620.0 19913148940.0 16852674380.0 21170511740.0 24568601588.0 686466584.0 24979250928.0 3559139296.0 16161927412.0 12550085888.0 16409387112.0 20464515904.0 13039119760.0 10364414808.0 5739459896.0 6925393788.0 17393875432.0 6477291088.0 17932668768.0 8635674720.0 13686260316.0 16344913828.0 7114800780.0 13658437820.0 22782878888.0 24329167608.0 3305526544.0 21807218860.0 3592847320.0 6911215016.0 10227174996.0 7806082796.0 16382902236.0 3742393236.0 574374028.0 20511332604.0 18237646128.0 25902476252.0 20362321736.0 18050111804.0 20858846280.0 12104925952.0 20860986472.0 22240875264.0 17509713324.0 26321953884.0 2217773960.0 22913698124.0 9952695372.0 2899960160.0 3017403196.0 16429451412.0 9841672912.0 8669382744.0 7837650628.0 22635473164.0 14999268108.0 18813892824.0 23833445636.0 23521512652.0 6366001104.0 17344918540.0 12345162504.0 26270321752.0 5095262104.0 8382061968.0 2974866880.0 10310107436.0 13875399784.0 2291878108.0 10793255780.0 9665107072.0 4887128432.0 21038087360.0 11806369168.0 11642376956.0 334672524.0 9107587056.0 4119334552.0 7044977016.0 3770215732.0 23800005136.0 13524408296.0 4651974836.0 14708737044.0 22780471172.0 7044709492.0 20869279716.0 10056227160.0 10998714212.0 948907628.0 13648806956.0 10162434188.0 9139154888.0 23547730004.0 1956403012.0 21524178468.0 18783395088.0 5295370056.0 22792242228.0 20142952056.0 12658700632.0 6515814544.0 26409434232.0 5369474204.0 1983690460.0 2777701692.0 25516974168.0 10250182060.0 1537995476.0 26145388044.0 6048182592.0 191279660.0 17195105100.0 1827991492.0 17390932668.0 24109797928.0 18926520428.0 25286636004.0 18176383132.0 1520606416.0 833337260.0 11528946780.0 9292178616.0 24048267408.0 5573595016.0 
2295623400.0 2362236920.0 -222006932840.0 1174495960.0 1819156600.0 2629044200.0 2224983400.0 2795048200.0 3243682840.0 90631120.0 3297899040.0 469897280.0 2133787160.0 1656931840.0 2166458160.0 2701838720.0 1721496800.0 1368367440.0 757755280.0 914328840.0 2296435760.0 855167840.0 2367570240.0 1140129600.0 1806935880.0 2157946040.0 939335400.0 1803262600.0 3007921840.0 3212071440.0 436413920.0 2879109800.0 474347600.0 912456880.0 1350248280.0 1030602280.0 2162961480.0 494091480.0 75832040.0 2708019720.0 2407835040.0 3419788360.0 2688346480.0 2383075720.0 2753900400.0 1598159360.0 2754182960.0 2936363520.0 2311729320.0 3475170120.0 292802800.0 3025193320.0 1314009960.0 382868800.0 398374280.0 2169107160.0 1299352160.0 1144579920.0 1034770040.0 2988460520.0 1980286440.0 2483914320.0 3146623480.0 3105440360.0 840474720.0 2289972200.0 1629876720.0 3468353360.0 672704720.0 1106646240.0 392758400.0 1361197480.0 1831907120.0 302586440.0 1424985400.0 1276040960.0 645225760.0 2777564800.0 1558742240.0 1537091080.0 44185320.0 1202434080.0 543857360.0 930116880.0 497764760.0 3142208480.0 1785567280.0 614179480.0 1941928920.0 3007603960.0 930081560.0 2755277880.0 1327678800.0 1452111160.0 125280040.0 1801991080.0 1341700840.0 1206601840.0 3108901720.0 258295160.0 2841741240.0 2479887840.0 699124080.0 3009158040.0 2659384080.0 1671271760.0 860253920.0 3486719760.0 708907720.0 261897800.0 366727560.0 3368892240.0 1353285800.0 203054680.0 3451858920.0 798514560.0 25253800.0 2270193000.0 241341560.0 2296047240.0 3183109040.0 2498784040.0 3338481720.0 2399746760.0 200758880.0 110021800.0 1522115400.0 1226804880.0 3174985440.0 735856880.0 
8645114940.0 8895975572.0 1174495960.0 -832809945968.0 6850783060.0 9900748220.0 8379090940.0 10525904620.0 12215423044.0 341308792.0 12419596464.0 1769591648.0 8035653956.0 6239858944.0 8158690056.0 10174885952.0 6483004880.0 5153150904.0 2853639448.0 3443281644.0 8648174216.0 3220486544.0 8916060384.0 4293627360.0 6804760908.0 8126634164.0 3537454140.0 6790927660.0 11327567944.0 12096377304.0 1643496272.0 10842473180.0 1786351160.0 3436232008.0 5084915748.0 3881157148.0 8145521868.0 1860704868.0 285576764.0 10198163052.0 9067694064.0 12878620876.0 10124075368.0 8974452652.0 10370945640.0 6018526976.0 10372009736.0 11058085632.0 8705768412.0 13087183692.0 1102669480.0 11392610812.0 4948445436.0 1441850080.0 1500242348.0 8168665956.0 4893245456.0 4310386872.0 3896852564.0 11254278332.0 7457583804.0 9354201912.0 11849906068.0 11694814076.0 3165153552.0 8623833020.0 6137971752.0 13061512376.0 2533346552.0 4167531984.0 1479093440.0 5126149468.0 6898800392.0 1139513804.0 5366369140.0 4805457536.0 2429863216.0 10460063680.0 5870085584.0 5788549228.0 166398012.0 4528260528.0 2048118776.0 3502738008.0 1874538116.0 11833279568.0 6724288648.0 2312945668.0 7313132772.0 11326370836.0 3502604996.0 10376133108.0 4999921080.0 5468522356.0 471793564.0 6786139228.0 5052726844.0 4543955944.0 11707849252.0 972716756.0 10701746484.0 9339038544.0 2632839528.0 11332223364.0 10015005528.0 6293861816.0 3239640272.0 13130678616.0 2669683852.0 986283980.0 1381063596.0 12686950584.0 5096354780.0 764685988.0 12999395772.0 3007135296.0 95103580.0 8549346300.0 908870996.0 8646711084.0 11987307464.0 9410199964.0 12572427252.0 9037234316.0 756040208.0 414332380.0 5732152140.0 4620038808.0 11956714704.0 2771172008.0 
13390269900.0 13778823620.0 1819156600.0 6850783060.0 -1286164730240.0 15335098700.0 12978229900.0 16303392700.0 18920258740.0 528647320.0 19236499440.0 2740890080.0 12446286260.0 9664810240.0 12636854760.0 15759705920.0 10041414800.0 7981626840.0 4419953080.0 5333239740.0 13395008360.0 4988156240.0 13809932640.0 6650325600.0 10539777180.0 12587203940.0 5479101900.0 10518351100.0 17545075240.0 18735870840.0 2545583120.0 16793720300.0 2766848600.0 5322320680.0 7875938580.0 6011457580.0 12616458780.0 2882013780.0 442324940.0 15795759420.0 14044795440.0 19947474460.0 15681006280.0 13900375420.0 16063379400.0 9321992960.0 16065027560.0 17127678720.0 13484215020.0 20270513820.0 1707905800.0 17645819020.0 7664562060.0 2233256800.0 2323699580.0 12652306260.0 7579063760.0 6676284120.0 6035767940.0 17431558220.0 11550923340.0 14488562520.0 18354115780.0 18113896460.0 4902451920.0 13357306700.0 9506998920.0 20230751960.0 3923856920.0 6455018640.0 2290942400.0 7939804780.0 10685433320.0 1764973340.0 8311876900.0 7443090560.0 3763573360.0 16201412800.0 9092074640.0 8965784380.0 257731020.0 7013744880.0 3172295960.0 5425330680.0 2903439860.0 18328363280.0 10415135080.0 3582481780.0 11327185620.0 17543221060.0 5425124660.0 16071414180.0 7744291800.0 8470100260.0 730752940.0 10510934380.0 7826081740.0 7038055240.0 18134086420.0 1506624260.0 16575751140.0 14465076240.0 4077959880.0 17552285940.0 15512069880.0 9748454360.0 5017823120.0 20337882360.0 4135027420.0 1527638300.0 2139105660.0 19650599640.0 7893656300.0 1184408980.0 20134540620.0 4657700160.0 147304300.0 13241935500.0 1407734660.0 13392742140.0 18566934440.0 14575296940.0 19473216420.0 13997616860.0 1171017680.0 641752300.0 8878431900.0 7155898680.0 18519549840.0 4292220680.0 
19351611300.0 19913148940.0 2629044200.0 9900748220.0 15335098700.0 -1851937440680.0 18756131300.0 23561654900.0 27343548380.0 764000840.0 27800579280.0 3961132960.0 17987366620.0 13967578880.0 18262776120.0 22775919040.0 14511847600.0 11535043080.0 6387713960.0 7707595380.0 19358459320.0 7208880880.0 19958107680.0 9611047200.0 15232080660.0 18191020780.0 7918395300.0 15201115700.0 25356133880.0 27077071080.0 3678875440.0 24270276100.0 3998648200.0 7691815160.0 11382302460.0 8687755460.0 18233299860.0 4165084860.0 639247780.0 22828023540.0 20297531280.0 28828080020.0 22662182360.0 20088815540.0 23214787800.0 13472139520.0 23217169720.0 24752912640.0 19487380740.0 29294936340.0 2468264600.0 25501728740.0 11076821220.0 3227501600.0 3358209460.0 18285106620.0 10953259120.0 9648562440.0 8722888780.0 25192079140.0 16693388580.0 20938863240.0 26525358860.0 26178194020.0 7085021040.0 19303972900.0 13739510040.0 29237472520.0 5670756040.0 9328789680.0 3310868800.0 11474601860.0 15442582840.0 2550738580.0 12012320300.0 10756750720.0 5439114320.0 23414273600.0 13139861680.0 12957347060.0 372472740.0 10136260560.0 4584600520.0 7840685160.0 4196049820.0 26488141360.0 15051947960.0 5177400860.0 16370042940.0 25353454220.0 7840387420.0 23226399660.0 11192046600.0 12240984620.0 1056083780.0 15190397060.0 11310249380.0 10171393880.0 26207372540.0 2177372620.0 23955267180.0 20904920880.0 5893465560.0 25366554780.0 22418035560.0 14088461320.0 7251755440.0 29392297320.0 5975939540.0 2207742100.0 3091434420.0 28399036680.0 11407908100.0 1711707260.0 29098427940.0 6731305920.0 212884100.0 19137238500.0 2034457420.0 19355184180.0 26832924280.0 21064211780.0 28142682540.0 20229348820.0 1692354160.0 927460100.0 12831105300.0 10341701160.0 26764444080.0 6203115160.0 
16377440100.0 16852674380.0 2224983400.0 8379090940.0 12978229900.0 18756131300.0 -1570193715560.0 19940437300.0 23141087260.0 646580680.0 23527876560.0 3352341920.0 15222867740.0 11820885760.0 15455949240.0 19275462080.0 12281505200.0 9762209160.0 5405978920.0 6523006260.0 16383235640.0 6100939760.0 16890723360.0 8133914400.0 12891044820.0 15395222060.0 6701408100.0 12864838900.0 21459120760.0 22915565160.0 3113464880.0 20540149700.0 3384091400.0 6509651320.0 9632943420.0 7352524420.0 15431003220.0 3524948220.0 541001060.0 19319558580.0 17177980560.0 24397459540.0 19179205720.0 17001342580.0 19646880600.0 11401591040.0 19648896440.0 20948609280.0 16492342980.0 24792564180.0 2088914200.0 21582338980.0 9374411940.0 2731463200.0 2842082420.0 15474847740.0 9269840240.0 8165663880.0 7382258060.0 21320279780.0 14127762660.0 17720745480.0 22448646220.0 22154837540.0 5996116080.0 16337123300.0 11627869080.0 24743932040.0 4799211080.0 7895037360.0 2802017600.0 9711057220.0 13069194680.0 2158712660.0 10166133100.0 9103533440.0 4603170640.0 19815707200.0 11120381360.0 10965917620.0 315226980.0 8578407120.0 3879988040.0 6635641320.0 3551154140.0 22417148720.0 12738596920.0 4381680220.0 13854112380.0 21456852940.0 6635389340.0 19656707820.0 9471928200.0 10359653740.0 893773060.0 12855767620.0 9571964260.0 8608140760.0 22179531580.0 1842729740.0 20273554860.0 17692019760.0 4987692120.0 21467940060.0 18972582120.0 11923189640.0 6137224880.0 24874961640.0 5057490580.0 1868431700.0 2616308340.0 24034356360.0 9654613700.0 1448633020.0 24626257380.0 5696763840.0 180165700.0 16196014500.0 1721779340.0 16380463860.0 22708941560.0 17826829060.0 23817401580.0 17120277140.0 1432254320.0 784917700.0 10859078100.0 8752273320.0 22650986160.0 5249751320.0 
20573517300.0 21170511740.0 2795048200.0 10525904620.0 16303392700.0 23561654900.0 19940437300.0 -1967385364280.0 29070083980.0 812241640.0 29555972880.0 4211248160.0 19123131020.0 14849524480.0 19415930520.0 24214043840.0 15428159600.0 12263392680.0 6791049160.0 8194270980.0 20580797720.0 7664066480.0 21218309280.0 10217911200.0 16193869860.0 19339644380.0 8418381300.0 16160949700.0 26957179480.0 28786780680.0 3911168240.0 25802758100.0 4251132200.0 8177494360.0 12101007660.0 9236320660.0 19384593060.0 4428078060.0 679611380.0 24269438340.0 21579164880.0 30648352420.0 24093125560.0 21357270340.0 24680623800.0 14322801920.0 24683156120.0 26315869440.0 20717859540.0 31144687140.0 2624116600.0 27111967540.0 11776237620.0 3431293600.0 3570254660.0 19439671020.0 11644873520.0 10257795240.0 9273672380.0 26782765940.0 17747448180.0 22260992040.0 28200232060.0 27831146420.0 7532385840.0 20522870900.0 14607054840.0 31083594920.0 6028820840.0 9917831280.0 3519924800.0 12199135060.0 16417663640.0 2711798180.0 12770806300.0 11435957120.0 5782552720.0 24892705600.0 13969543280.0 13775504260.0 395991540.0 10776287760.0 4874082920.0 8335764360.0 4460998220.0 28160664560.0 16002363160.0 5504314060.0 17403685740.0 26954330620.0 8335447820.0 24692968860.0 11898738600.0 13013909020.0 1122767380.0 16149554260.0 12024404980.0 10813639480.0 27862167340.0 2314857020.0 25467858780.0 22224906480.0 6265592760.0 26968258380.0 23833562760.0 14978039720.0 7709648240.0 31248195720.0 6353274340.0 2347144100.0 3286634820.0 30192218280.0 12128230100.0 1819788460.0 30935770740.0 7156336320.0 226326100.0 20345608500.0 2162917820.0 20577315780.0 28527217880.0 22394255380.0 29919677340.0 21506677220.0 1799213360.0 986022100.0 13641291300.0 10994700360.0 28454413680.0 6594794360.0 
23875783260.0 24568601588.0 3243682840.0 12215423044.0 18920258740.0 27343548380.0 23141087260.0 29070083980.0 -2278505357840.0 942614968.0 34300017456.0 4887197792.0 22192594724.0 17233029376.0 22532391624.0 28100652608.0 17904541520.0 14231796216.0 7881083992.0 9509537676.0 23884232264.0 8894229776.0 24624071136.0 11857993440.0 18793156332.0 22443860756.0 9769620060.0 18754952140.0 31284090376.0 33407361816.0 4538951888.0 29944372220.0 4933483640.0 9490068232.0 14043346692.0 10718847292.0 22496024172.0 5138831172.0 788696156.0 28164938508.0 25042847856.0 35567735404.0 27960325672.0 24785336908.0 28642123560.0 16621762304.0 28645062344.0 30539843328.0 24043293948.0 36143737068.0 3045314920.0 31463723548.0 13666447644.0 3982052320.0 4143318092.0 22559942724.0 13513998224.0 11904279288.0 10762194356.0 31081681628.0 20596100316.0 25834115448.0 32726665972.0 32298338204.0 8741413008.0 23817007580.0 16951640808.0 36072838904.0 6996510008.0 11509747536.0 4084909760.0 14157224572.0 19052871368.0 3147070316.0 14820655060.0 13271548544.0 6710713264.0 28888246720.0 16211801936.0 15986617612.0 459552348.0 12505995312.0 5656424504.0 9673742232.0 5177035364.0 32680747472.0 18570910792.0 6387814372.0 20197160388.0 31280784244.0 9673374884.0 28656450132.0 13808611320.0 15102778324.0 1302983356.0 18741727612.0 13954448476.0 12549342376.0 32334338308.0 2686415924.0 29555718036.0 25792237776.0 7271286312.0 31296947556.0 27659100312.0 17382172664.0 8947127888.0 36263859864.0 7373041708.0 2723885420.0 3814174284.0 35038386936.0 14074938620.0 2111883652.0 35901287388.0 8305003584.0 262653820.0 23611292700.0 2510088884.0 23880191436.0 33106136456.0 25988768956.0 34722100308.0 24958725164.0 2088006032.0 1144289020.0 15830862060.0 12759465432.0 33021646416.0 7653328232.0 
667108680.0 686466584.0 90631120.0 341308792.0 528647320.0 764000840.0 646580680.0 812241640.0 942614968.0 -64579558664.0 958370208.0 136552256.0 620079032.0 481504768.0 629573232.0 785154944.0 500267360.0 397647888.0 220203856.0 265704168.0 667344752.0 248511968.0 688016448.0 331321920.0 525095976.0 627099608.0 272971080.0 524028520.0 874102768.0 933428688.0 126821984.0 836669960.0 137845520.0 265160176.0 392382456.0 299493256.0 628557096.0 143583096.0 22036808.0 786951144.0 699717408.0 993791272.0 781234096.0 692522344.0 800284080.0 464425472.0 800366192.0 853307904.0 671789064.0 1009885224.0 85088560.0 879121864.0 381851592.0 111261760.0 115767656.0 630343032.0 377592032.0 332615184.0 300704408.0 868447304.0 575471688.0 721826064.0 914409496.0 902441672.0 244242144.0 665466440.0 473642544.0 1007904272.0 195488144.0 321591648.0 114135680.0 395564296.0 532352624.0 87931688.0 414101080.0 370817792.0 187502752.0 807160960.0 452970848.0 446679016.0 12840264.0 349427616.0 158045072.0 270292176.0 144650552.0 913126496.0 518886256.0 178480696.0 564324984.0 874010392.0 270281912.0 800684376.0 385823760.0 421983832.0 36406408.0 523659016.0 389898568.0 350638768.0 903447544.0 75060632.0 825810648.0 720655968.0 203165616.0 874462008.0 772817616.0 485671952.0 249989984.0 1013241552.0 206008744.0 76107560.0 106571112.0 979000848.0 393265160.0 59007736.0 1003110984.0 232048512.0 7338760.0 659718600.0 70133912.0 667231848.0 925012208.0 726147208.0 970163544.0 697366952.0 58340576.0 31972360.0 442327080.0 356509776.0 922651488.0 213840176.0 
24274852560.0 24979250928.0 3297899040.0 12419596464.0 19236499440.0 27800579280.0 23527876560.0 29555972880.0 34300017456.0 958370208.0 -2316015894960.0 4968884352.0 22563530544.0 17521069056.0 22909006944.0 28570338048.0 18203805120.0 14469672096.0 8012811552.0 9668483856.0 24283442784.0 9042891456.0 25035647616.0 12056192640.0 19107272592.0 22818996336.0 9932913360.0 19068429840.0 31806985056.0 33965745696.0 4614817728.0 30444874320.0 5015943840.0 9648688992.0 14278072752.0 10898006352.0 22872031632.0 5224723632.0 801878736.0 28635698448.0 25461423936.0 36162228624.0 28427665632.0 25199608848.0 29120859360.0 16899585024.0 29123847264.0 31050298368.0 24445163088.0 36747857808.0 3096215520.0 31989620688.0 13894874064.0 4048609920.0 4212571152.0 22937018544.0 13739876544.0 12103252128.0 10942077936.0 31601193168.0 20940351696.0 26265917088.0 33273672432.0 32838185424.0 8887520448.0 24215094480.0 17234977248.0 36675774624.0 7113452448.0 11702126016.0 4153186560.0 14393854032.0 19371328608.0 3199671696.0 15068373360.0 13493374464.0 6822878784.0 29371096320.0 16482772416.0 16253824272.0 467233488.0 12715025472.0 5750968224.0 9835432992.0 5263566384.0 33226986432.0 18881312352.0 6494582832.0 20534743728.0 31803623664.0 9835059504.0 29135425392.0 14039413920.0 15355212144.0 1324761936.0 19054984272.0 14187688656.0 12759097056.0 32874787248.0 2731317744.0 30049724016.0 26223339456.0 7392821472.0 31820057136.0 28121405472.0 17672705184.0 9096673728.0 36869988384.0 7496277648.0 2769413520.0 3877925904.0 35624032416.0 14310192720.0 2147182512.0 36501355728.0 8443816704.0 267043920.0 24005941200.0 2552043504.0 24279334416.0 33659485536.0 26423155536.0 35302459248.0 25375895184.0 2122905792.0 1163415120.0 16095465360.0 12972732192.0 33573583296.0 7781248992.0 
3458773920.0 3559139296.0 469897280.0 1769591648.0 2740890080.0 3961132960.0 3352341920.0 4211248160.0 4887197792.0 136552256.0 4968884352.0 -334255709408.0 3214938208.0 2496468992.0 3264163008.0 4070811136.0 2593747840.0 2061694272.0 1141696064.0 1377602592.0 3459997888.0 1288465792.0 3567174912.0 1717812480.0 2722477344.0 3251337952.0 1415279520.0 2716942880.0 4531980992.0 4839569472.0 657536896.0 4337902240.0 714690880.0 1374782144.0 2034394464.0 1552789664.0 3258894624.0 744438624.0 114254752.0 4080123936.0 3627841152.0 5152532768.0 4050482624.0 3590536736.0 4149251520.0 2407917568.0 4149677248.0 4424165376.0 3483040416.0 5235975456.0 441160640.0 4558003616.0 1979794848.0 576861440.0 600223264.0 3268154208.0 1957710208.0 1724517696.0 1559069152.0 4502658976.0 2983661472.0 3742468416.0 4740960224.0 4678910368.0 1266327936.0 3450259360.0 2455705536.0 5225704768.0 1013551936.0 1667363712.0 591761920.0 2050891424.0 2760101056.0 455901472.0 2146999520.0 1922587648.0 972149888.0 4184906240.0 2348528512.0 2315907104.0 66573216.0 1811685504.0 819419968.0 1401390144.0 749973088.0 4734308224.0 2690281664.0 925373024.0 2925868896.0 4531502048.0 1401336928.0 4151326944.0 2000389440.0 2187869408.0 188757152.0 2715027104.0 2021516192.0 1817964992.0 4684125536.0 389168608.0 4281599712.0 3736401792.0 1053357504.0 4533843552.0 4006845504.0 2518074688.0 1296128896.0 5253377088.0 1068098336.0 394596640.0 552541728.0 5075848512.0 2038971040.0 305938784.0 5200852896.0 1203107328.0 38049440.0 3420458400.0 363624928.0 3459412512.0 4795932352.0 3764872352.0 5030029536.0 3615654688.0 302479744.0 165767840.0 2293343520.0 1848404544.0 4783692672.0 1108702144.0 
15706171740.0 16161927412.0 2133787160.0 8035653956.0 12446286260.0 17987366620.0 15222867740.0 19123131020.0 22192594724.0 620079032.0 22563530544.0 3214938208.0 -1506459534608.0 11336378624.0 14822450376.0 18485411392.0 11778118480.0 9362081784.0 5184402008.0 6255645324.0 15711729736.0 5850878224.0 16198416864.0 7800526560.0 12362674668.0 14764212244.0 6426734940.0 12337542860.0 20579567624.0 21976316184.0 2985852112.0 19698262780.0 3245386360.0 6242837768.0 9238114308.0 7051163708.0 14798526828.0 3380469828.0 518826844.0 18527700492.0 16473900144.0 23397471596.0 18393100328.0 16304502092.0 18841606440.0 10934269696.0 18843539656.0 20089980672.0 15816365052.0 23776381932.0 2003295080.0 20697735452.0 8990179356.0 2619507680.0 2725592908.0 14840574276.0 8889893776.0 7830974712.0 7079678644.0 20446417372.0 13548702684.0 16994418552.0 21528535028.0 21246768796.0 5750350992.0 15667507420.0 11151273192.0 23729743096.0 4602503992.0 7571440464.0 2687170240.0 9313026428.0 12533522632.0 2070232684.0 9749449940.0 8730403456.0 4414498736.0 19003513280.0 10664586064.0 10516453388.0 302306652.0 8226800688.0 3720957496.0 6363663768.0 3405601636.0 21498328528.0 12216475208.0 4202086628.0 13286268612.0 20577392756.0 6363422116.0 18851030868.0 9083698680.0 9935038676.0 857139644.0 12328843388.0 9179634524.0 8255315624.0 21270450692.0 1767201076.0 19442594964.0 16966870224.0 4783259688.0 20588025444.0 18194945688.0 11434489336.0 5885676112.0 23855402136.0 4850197292.0 1791849580.0 2509072716.0 23049251064.0 9258896380.0 1389257348.0 23616891612.0 5463268416.0 172781180.0 15532182300.0 1651208116.0 15709071564.0 21778161544.0 17096154044.0 22841188692.0 16418561836.0 1373549968.0 752745980.0 10413992940.0 8393540568.0 21722581584.0 5034577768.0 
12196181760.0 12550085888.0 1656931840.0 6239858944.0 9664810240.0 13967578880.0 11820885760.0 14849524480.0 17233029376.0 481504768.0 17521069056.0 2496468992.0 11336378624.0 -1172331818240.0 11509953024.0 14354321408.0 9145963520.0 7269858816.0 4025800192.0 4857643776.0 12200497664.0 4543333376.0 12578420736.0 6057277440.0 9599884032.0 11464729856.0 4990498560.0 9580368640.0 15980478976.0 17065084416.0 2318578688.0 15296126720.0 2520112640.0 4847698432.0 7173595392.0 5475380992.0 11491375872.0 2625007872.0 402880256.0 14387159808.0 12792339456.0 18168642304.0 14282639872.0 12660798208.0 14630914560.0 8490696704.0 14632415744.0 15600304128.0 12281749248.0 18462874368.0 1555601920.0 16072238848.0 6981068544.0 2034104320.0 2116481792.0 11524026624.0 6903194624.0 6080921088.0 5497523456.0 15877084928.0 10520860416.0 13196533248.0 16717372672.0 16498575104.0 4465271808.0 12166158080.0 8659204608.0 18426658304.0 3573943808.0 5879387136.0 2086645760.0 7231766272.0 9732551168.0 1607580416.0 7570658560.0 6779346944.0 3427953664.0 14756638720.0 8281281536.0 8166253312.0 234747648.0 6388288512.0 2889403904.0 4941522432.0 2644523264.0 16693916672.0 9486356992.0 3263011072.0 10317074688.0 15978790144.0 4941334784.0 14638232832.0 7053688320.0 7714772224.0 665587456.0 9573613312.0 7128184576.0 6410430976.0 16516964608.0 1372269824.0 15097595136.0 13175141376.0 3714304512.0 15987046656.0 14128768512.0 8879128064.0 4570354688.0 18524235264.0 3766283008.0 1391409920.0 1948349184.0 17898241536.0 7189733120.0 1078788352.0 18339026688.0 4242345984.0 134168320.0 12061075200.0 1282198784.0 12198433536.0 16911213056.0 13275533056.0 17736676608.0 12749368064.0 1066591232.0 584523520.0 8086690560.0 6517765632.0 16868054016.0 3909458432.0 
15946653240.0 16409387112.0 2166458160.0 8158690056.0 12636854760.0 18262776120.0 15455949240.0 19415930520.0 22532391624.0 629573232.0 22909006944.0 3264163008.0 14822450376.0 11509953024.0 -1529298398808.0 18768446592.0 11958456480.0 9505427184.0 5263781808.0 6351427224.0 15952296336.0 5940462624.0 16446435264.0 7919962560.0 12551962968.0 14990271144.0 6525136440.0 12526446360.0 20894667024.0 22312801584.0 3031569312.0 19999868280.0 3295077360.0 6338423568.0 9379561608.0 7159126008.0 15025111128.0 3432229128.0 526770744.0 18811383192.0 16726136544.0 23755716696.0 18674722128.0 16554144792.0 19130095440.0 11101687296.0 19132058256.0 20397583872.0 16058533752.0 24140428632.0 2033968080.0 21014644152.0 9127830456.0 2659615680.0 2767325208.0 15067802376.0 9026009376.0 7950876912.0 7188077544.0 20759478072.0 13756150584.0 17254624752.0 21858164328.0 21572083896.0 5838396192.0 15907396920.0 11322013392.0 24093075696.0 4672974192.0 7687368864.0 2728314240.0 9455620728.0 12725426832.0 2101930584.0 9898726440.0 8864077056.0 4482090336.0 19294481280.0 10827874464.0 10677473688.0 306935352.0 8352763488.0 3777930096.0 6461099568.0 3457745736.0 21827495328.0 12403525008.0 4266425928.0 13489698312.0 20892458856.0 6460854216.0 19139664168.0 9222781680.0 10087156776.0 870263544.0 12517613688.0 9320186424.0 8381715024.0 21596128392.0 1794259176.0 19740285864.0 17226654624.0 4856497488.0 20903254344.0 18473533488.0 11609565936.0 5975793312.0 24220658736.0 4924459992.0 1819285080.0 2547489816.0 23402164464.0 9400661880.0 1410528648.0 23978496312.0 5546918016.0 175426680.0 15769999800.0 1676490216.0 15949597464.0 22111612944.0 17357917944.0 23190916392.0 16669950936.0 1394580768.0 764271480.0 10573444440.0 8522056368.0 22055181984.0 5111663568.0 
19887430080.0 20464515904.0 2701838720.0 10174885952.0 15759705920.0 22775919040.0 19275462080.0 24214043840.0 28100652608.0 785154944.0 28570338048.0 4070811136.0 18485411392.0 14354321408.0 18768446592.0 -1902584339264.0 14913660160.0 11854432128.0 6564580736.0 7921007808.0 19894467712.0 7408484608.0 20510719488.0 9877163520.0 15653835456.0 18694704448.0 8137644480.0 15622013120.0 26058209408.0 27826796928.0 3780738304.0 24942285760.0 4109365120.0 7904790656.0 11697462336.0 8928307136.0 18738154176.0 4280410176.0 656947648.0 23460099264.0 20859541248.0 29626288832.0 23289666176.0 20645046464.0 23857572480.0 13845164032.0 23860020352.0 25438285824.0 20026958784.0 30106071744.0 2536607360.0 26207835584.0 11383522752.0 3316866560.0 3451193536.0 18791395392.0 11256539392.0 9915717504.0 8964413248.0 25889612224.0 17155604928.0 21518630784.0 27259808576.0 26903031232.0 7281195264.0 19838472640.0 14119937664.0 30047016832.0 5827771264.0 9587090688.0 3402542080.0 11792317376.0 15870166144.0 2621364928.0 12344924480.0 11054589952.0 5589715712.0 24062581760.0 13503685888.0 13316117696.0 382785984.0 10416919296.0 4711541632.0 8057782656.0 4312232512.0 27221560576.0 15468715136.0 5320755776.0 16823306304.0 26055455552.0 8057476672.0 23869505856.0 11501938560.0 12579920192.0 1085325248.0 15610997696.0 11623414208.0 10453025408.0 26933017664.0 2237660992.0 24618554688.0 21483748608.0 6056647296.0 26068918848.0 23038759296.0 14478550912.0 7452546304.0 30206128512.0 6141404864.0 2268871360.0 3177031872.0 29185365888.0 11723776960.0 1759102016.0 29904122304.0 6917686272.0 218778560.0 19667121600.0 2090788672.0 19891101888.0 27575890048.0 21647450048.0 28921913664.0 20789470912.0 1739213056.0 953140160.0 13186380480.0 10628048256.0 27505513728.0 6374870656.0 
12671425200.0 13039119760.0 1721496800.0 6483004880.0 10041414800.0 14511847600.0 12281505200.0 15428159600.0 17904541520.0 500267360.0 18203805120.0 2593747840.0 11778118480.0 9145963520.0 11958456480.0 14913660160.0 -1217657187920.0 7553140320.0 4182671840.0 5046929520.0 12675909280.0 4720371520.0 13068558720.0 6293308800.0 9973958640.0 11911471120.0 5184961200.0 9953682800.0 16603183520.0 17730052320.0 2408925760.0 15892164400.0 2618312800.0 5036596640.0 7453125840.0 5688737840.0 11939155440.0 2727295440.0 418579120.0 14947778160.0 13290813120.0 18876612080.0 14839185440.0 13154146160.0 15201031200.0 8821550080.0 15202590880.0 16208194560.0 12760326960.0 19182309360.0 1616218400.0 16698518960.0 7253096880.0 2113366400.0 2198953840.0 11973078480.0 7172188480.0 6317873760.0 5711743120.0 16495760560.0 10930822320.0 13710756960.0 17368791440.0 17141468080.0 4639268160.0 12640231600.0 8996624160.0 19144682080.0 3713208160.0 6108486720.0 2167955200.0 7513563440.0 10111795360.0 1670222320.0 7865661200.0 7043514880.0 3561529280.0 15331654400.0 8603974720.0 8484464240.0 243894960.0 6637218240.0 3001994080.0 5134076640.0 2747571280.0 17344421440.0 9856007840.0 3390159440.0 10719095760.0 16601428880.0 5133881680.0 15208634640.0 7328546400.0 8015390480.0 691523120.0 9946664240.0 7405945520.0 6660223520.0 17160574160.0 1425742480.0 15685896720.0 13688531520.0 3859038240.0 16610007120.0 14679318240.0 9225117280.0 4748445760.0 19246061280.0 3913042160.0 1445628400.0 2024269680.0 18595674720.0 7469892400.0 1120825040.0 19053635760.0 4407655680.0 139396400.0 12531054000.0 1332161680.0 12673764720.0 17570185120.0 13792835120.0 18427814160.0 13246167280.0 1108152640.0 607300400.0 8401801200.0 6771740640.0 17525344320.0 4061796640.0 
10072145160.0 10364414808.0 1368367440.0 5153150904.0 7981626840.0 11535043080.0 9762209160.0 12263392680.0 14231796216.0 397647888.0 14469672096.0 2061694272.0 9362081784.0 7269858816.0 9505427184.0 11854432128.0 7553140320.0 -969429443400.0 3324683472.0 4011656616.0 10075709424.0 3752085216.0 10387814976.0 5002367040.0 7928007912.0 9468079896.0 4121373960.0 7911891240.0 13197384816.0 14093099856.0 1914784608.0 12632216520.0 2081220240.0 4003443312.0 5924271672.0 4521811272.0 9490085352.0 2167847352.0 332716296.0 11881551528.0 10564478496.0 15004466664.0 11795234352.0 10455845928.0 12082854960.0 7011992064.0 12084094704.0 12883419648.0 10142810568.0 15247456488.0 1284684720.0 13273164168.0 5765274504.0 1679853120.0 1747884072.0 9517049784.0 5700962784.0 5021893008.0 4540097496.0 13111997448.0 8688590856.0 10898279568.0 13805944152.0 13625251464.0 3687618528.0 10047350280.0 7151153328.0 15217547664.0 2951520528.0 4855457376.0 1723244160.0 5972311752.0 8037570288.0 1327610856.0 6252183960.0 5598683904.0 2830955424.0 12186683520.0 6839047776.0 6744052392.0 193864968.0 5275730592.0 2386197264.0 4080927312.0 2183964024.0 13786573152.0 7834252272.0 2694738552.0 8520295608.0 13195990104.0 4080772344.0 12088898712.0 5825247120.0 6371199384.0 549671496.0 7906312392.0 5886769416.0 5294016816.0 13640438328.0 1133280984.0 12468260376.0 10880613216.0 3067436592.0 13202808696.0 11668160592.0 7332775824.0 3774400608.0 15298131024.0 3110362728.0 1149087720.0 1609032744.0 14781157776.0 5937598920.0 890911032.0 15145177608.0 3503516544.0 110802120.0 9960568200.0 1058896344.0 10074004776.0 13966026096.0 10963521096.0 14647730328.0 10528990824.0 880838112.0 482725320.0 6678345960.0 5382658512.0 13930383456.0 3228603312.0 
5577610920.0 5739459896.0 757755280.0 2853639448.0 4419953080.0 6387713960.0 5405978920.0 6791049160.0 7881083992.0 220203856.0 8012811552.0 1141696064.0 5184402008.0 4025800192.0 5263781808.0 6564580736.0 4182671840.0 3324683472.0 -538320592808.0 2221518792.0 5579584688.0 2077776992.0 5752418112.0 2770140480.0 4390260744.0 5243100152.0 2282276520.0 4381335880.0 7308262192.0 7804278672.0 1060342496.0 6995291240.0 1152508880.0 2216970544.0 3280659864.0 2504025064.0 5255286024.0 1200480024.0 184246952.0 6579598536.0 5850248352.0 8308962568.0 6531799024.0 5790091336.0 6691073520.0 3883002368.0 6691760048.0 7134398976.0 5616743016.0 8443522056.0 711414640.0 7350226216.0 3192612648.0 930245440.0 967918664.0 5270218008.0 3156999008.0 2780953296.0 2514151352.0 7260977576.0 4811445672.0 6035096016.0 7645261624.0 7545200168.0 2042077536.0 5563880360.0 3960065136.0 8426959568.0 1634451536.0 2688786912.0 954273920.0 3307262824.0 4450932656.0 735185672.0 3462246520.0 3100360448.0 1567686688.0 6748570240.0 3787231712.0 3734626504.0 107355816.0 2921519904.0 1321394768.0 2259878544.0 1209404888.0 7634534624.0 4338342064.0 1492254424.0 4718249496.0 7307489848.0 2259792728.0 6694420344.0 3225823440.0 3528153208.0 304389352.0 4378246504.0 3259892392.0 2931646192.0 7553610136.0 627572408.0 6904497912.0 6025312992.0 1698641904.0 7311265752.0 6461429904.0 4060641488.0 2090134496.0 8471583888.0 1722412936.0 636325640.0 891027528.0 8185301712.0 3288040040.0 493356184.0 8386883496.0 1940128128.0 61358440.0 5515823400.0 586380728.0 5578640712.0 7733909552.0 6071224552.0 8111414136.0 5830596488.0 487778144.0 267316840.0 3698240520.0 2980732944.0 7714171872.0 1787890544.0 
6730102260.0 6925393788.0 914328840.0 3443281644.0 5333239740.0 7707595380.0 6523006260.0 8194270980.0 9509537676.0 265704168.0 9668483856.0 1377602592.0 6255645324.0 4857643776.0 6351427224.0 7921007808.0 5046929520.0 4011656616.0 2221518792.0 -649093744440.0 6732483864.0 2507104176.0 6941029536.0 3342529440.0 5297412132.0 6326472156.0 2753859060.0 5286643140.0 8818354776.0 9416862216.0 1279439088.0 8440715220.0 1390649640.0 2675059032.0 3958536492.0 3021427092.0 6341175972.0 1448532972.0 222317556.0 7939128708.0 7059074256.0 10025828004.0 7881452472.0 6986487108.0 8073637560.0 4685339904.0 8074465944.0 8608566528.0 6777320148.0 10188191268.0 858412920.0 8868989748.0 3852296244.0 1122460320.0 1167917892.0 6359193324.0 3809323824.0 3355576488.0 3033645756.0 8761299828.0 5805625716.0 7282116648.0 9224987772.0 9104250804.0 2464028208.0 6713534580.0 4778326008.0 10168206504.0 1972175208.0 3244365936.0 1151453760.0 3990636372.0 5370620568.0 887095716.0 4177644060.0 3740982144.0 1891614864.0 8143014720.0 4569780336.0 4506305412.0 129538548.0 3525188112.0 1594432104.0 2726833032.0 1459301964.0 9212044272.0 5234765592.0 1800596172.0 5693172588.0 8817422844.0 2726729484.0 8077675932.0 3892369320.0 4257168924.0 367284756.0 5282915412.0 3933477876.0 3537406776.0 9114398508.0 757246524.0 8331161436.0 7270312176.0 2049629112.0 8821978956.0 7796543112.0 4899684264.0 2522015088.0 10222051464.0 2078311908.0 767808420.0 1075138884.0 9876615336.0 3967441620.0 595297452.0 10119849588.0 2341013184.0 74036820.0 6655547700.0 707543484.0 6731344836.0 9331952856.0 7325710356.0 9787460508.0 7035361764.0 588566832.0 322552020.0 4462401060.0 3596636232.0 9308136816.0 2157319032.0 
16903379640.0 17393875432.0 2296435760.0 8648174216.0 13395008360.0 19358459320.0 16383235640.0 20580797720.0 23884232264.0 667344752.0 24283442784.0 3459997888.0 15711729736.0 12200497664.0 15952296336.0 19894467712.0 12675909280.0 10075709424.0 5579584688.0 6732483864.0 -1620092256728.0 6296863264.0 17433146304.0 8395124160.0 13305023448.0 15889618984.0 6916614840.0 13277975960.0 22148251664.0 23651467824.0 3213449632.0 21199769080.0 3492766960.0 6718700048.0 9942292488.0 7588640888.0 15926549208.0 3638147208.0 558374584.0 19939980312.0 17729628384.0 25180951256.0 19795120208.0 17547317912.0 20277813840.0 11767737856.0 20279894416.0 21621345792.0 17021972472.0 25588744152.0 2155996880.0 22275426872.0 9675458616.0 2819180480.0 2933352088.0 15971801736.0 9567528736.0 8427893232.0 7619329384.0 22004951992.0 14581456824.0 18289823472.0 23169554408.0 22866310456.0 6188673312.0 16861768120.0 12001282512.0 25538550256.0 4953331312.0 8148575904.0 2892000640.0 10022914808.0 13488894352.0 2228036824.0 10492604840.0 9395881216.0 4750995296.0 20452062080.0 11477497504.0 11318073368.0 325350072.0 8853891168.0 4004588656.0 6848736048.0 3665194696.0 23137045408.0 13147679888.0 4522392008.0 14299018632.0 22145911016.0 6848475976.0 20287956648.0 9776106480.0 10692340136.0 922475384.0 13268613368.0 9879355064.0 8884579664.0 22891797512.0 1901906536.0 20924612904.0 18260175264.0 5147865168.0 22157354184.0 19581861168.0 12306086896.0 6334313632.0 25673787696.0 5219905112.0 1928433880.0 2700327576.0 24806187504.0 9964658680.0 1495153928.0 25417096632.0 5879707776.0 185951480.0 16716127800.0 1777071976.0 16906500504.0 23438208784.0 18399313784.0 24582265512.0 17670071896.0 1478249248.0 810124280.0 11207802840.0 9033340848.0 23378392224.0 5418340048.0 
6294635760.0 6477291088.0 855167840.0 3220486544.0 4988156240.0 7208880880.0 6100939760.0 7664066480.0 8894229776.0 248511968.0 9042891456.0 1288465792.0 5850878224.0 4543333376.0 5940462624.0 7408484608.0 4720371520.0 3752085216.0 2077776992.0 2507104176.0 6296863264.0 -607256813840.0 6491915136.0 3126253440.0 4954646832.0 5917122256.0 2575672560.0 4944574640.0 8247769376.0 8807550816.0 1196653888.0 7894564720.0 1300668640.0 2501971232.0 3702402192.0 2825927792.0 5930874672.0 1354806672.0 207932656.0 7425433008.0 6602321856.0 9377113904.0 7371488672.0 6534431408.0 7551238560.0 4382178304.0 7552013344.0 8051555328.0 6338798448.0 9528971568.0 802869920.0 8295128048.0 3603036144.0 1049832320.0 1092348592.0 5947726224.0 3562844224.0 3138456288.0 2837355856.0 8194406128.0 5429976816.0 6810932448.0 8628091472.0 8515166704.0 2304595008.0 6279140080.0 4469147808.0 9510279904.0 1844567008.0 3034441536.0 1076949760.0 3732425072.0 5023118368.0 829696816.0 3907332560.0 3498924544.0 1769219264.0 7616126720.0 4274095936.0 4214728112.0 121156848.0 3297093312.0 1491265504.0 2550395232.0 1364878864.0 8615985472.0 4896053792.0 1684089872.0 5324799888.0 8246897744.0 2550298384.0 7555015632.0 3640516320.0 3981711824.0 343519856.0 4941088112.0 3678964976.0 3308521376.0 8524657808.0 708249424.0 7792099536.0 6799891776.0 1917009312.0 8251159056.0 7292073312.0 4582653664.0 2358829888.0 9560640864.0 1943836208.0 718127920.0 1005572784.0 9237555936.0 3710731120.0 556779152.0 9465051888.0 2189539584.0 69246320.0 6224905200.0 661762384.0 6295797936.0 8728135456.0 6851705456.0 9154169808.0 6580143664.0 550484032.0 301681520.0 4173664560.0 3363918432.0 8705860416.0 2017731232.0 
17426979360.0 17932668768.0 2367570240.0 8916060384.0 13809932640.0 19958107680.0 16890723360.0 21218309280.0 24624071136.0 688016448.0 25035647616.0 3567174912.0 16198416864.0 12578420736.0 16446435264.0 20510719488.0 13068558720.0 10387814976.0 5752418112.0 6941029536.0 17433146304.0 6491915136.0 -1669736285280.0 8655171840.0 13717160352.0 16381816416.0 7130864160.0 13689275040.0 22834316736.0 24384096576.0 3312989568.0 21856453920.0 3600959040.0 6926818752.0 10250265312.0 7823706912.0 16419890592.0 3750842592.0 575670816.0 20557641888.0 18278822016.0 25960957344.0 20408294592.0 18090864288.0 20905940160.0 12132255744.0 20908085184.0 22291089408.0 17549245728.0 26381382048.0 2222781120.0 22965431328.0 9975165984.0 2906507520.0 3024215712.0 16466544864.0 9863892864.0 8688955968.0 7855346016.0 22686578208.0 15033132576.0 18856369728.0 23887255392.0 23574618144.0 6380373888.0 17384078880.0 12373034688.0 26329633344.0 5106765888.0 8400986496.0 2981583360.0 10333384992.0 13906726848.0 2297052576.0 10817624160.0 9686928384.0 4898162304.0 21085585920.0 11833024896.0 11668662432.0 335428128.0 9128149632.0 4128634944.0 7060882752.0 3778727904.0 23853739392.0 13554942912.0 4662477792.0 14741945568.0 22831903584.0 7060614624.0 20916397152.0 10078931520.0 11023546464.0 951050016.0 13679622432.0 10185378336.0 9159788736.0 23600894688.0 1960820064.0 21572774496.0 18825803136.0 5307325632.0 22843701216.0 20188429632.0 12687280704.0 6530525568.0 26469059904.0 5381597088.0 1988169120.0 2783973024.0 25574584896.0 10273324320.0 1541467872.0 26204417568.0 6061837824.0 191711520.0 17233927200.0 1832118624.0 17430196896.0 24164231616.0 18969251616.0 25343726688.0 18217420704.0 1524039552.0 835218720.0 11554976160.0 9313157952.0 24102562176.0 5586178752.0 
