10360.090234383624 1700.3367003366998 850.1683501683499 425.08417508417494 212.54208754208747 -212.54208754208747 -425.08417508417494 -850.1683501683499 -1700.3367003366998 -3400.6734006733996 
1700.3367003366998 4329.876767023462 425.08417508417494 212.54208754208747 106.27104377104374 -106.27104377104374 -212.54208754208747 -425.08417508417494 -850.1683501683499 -1700.3367003366998 
850.1683501683499 425.08417508417494 1952.3962959696435 106.27104377104374 53.13552188552187 -53.13552188552187 -106.27104377104374 -212.54208754208747 -425.08417508417494 -850.1683501683499 
425.08417508417494 212.54208754208747 106.27104377104374 923.0626260992998 26.567760942760934 -26.567760942760934 -53.13552188552187 -106.27104377104374 -212.54208754208747 -425.08417508417494 
212.54208754208747 106.27104377104374 53.13552188552187 26.567760942760934 448.24743257826947 -13.283880471380467 -26.567760942760934 -53.13552188552187 -106.27104377104374 -212.54208754208747 
-212.54208754208747 -106.27104377104374 -53.13552188552187 -26.567760942760934 -13.283880471380467 -421.6796716355085 26.567760942760934 53.13552188552187 106.27104377104374 212.54208754208747 
-425.08417508417494 -212.54208754208747 -106.27104377104374 -53.13552188552187 -26.567760942760934 26.567760942760934 -816.7915823282561 106.27104377104374 212.54208754208747 425.08417508417494 
-850.1683501683499 -425.08417508417494 -212.54208754208747 -106.27104377104374 -53.13552188552187 53.13552188552187 106.27104377104374 -1527.3121208854684 425.08417508417494 850.1683501683499 
-1700.3367003366998 -850.1683501683499 -425.08417508417494 -212.54208754208747 -106.27104377104374 106.27104377104374 212.54208754208747 425.08417508417494 -2629.5400666867617 1700.3367003366998 
-3400.6734006733996 -1700.3367003366998 -850.1683501683499 -425.08417508417494 -212.54208754208747 212.54208754208747 425.08417508417494 850.1683501683499 1700.3367003366998 -3558.743433036824 

