7472.458673450912 1700.3367003366998 850.1683501683499 425.08417508417494 212.54208754208747 106.27104377104374 53.13552188552187 26.567760942760934 13.283880471380467 6.6419402356902335 3.3209701178451168 1.6604850589225584 0.8302425294612792 0.4151212647306396 0.2075606323653198 0.1037803161826599 0.05189015809132995 0.025945079045664975 0.012972539522832487 0.006486269761416244 0.003243134880708122 0.001621567440354061 0.0008107837201770305 0.00040539186008851523 0.00020269593004425761 0.00010134796502212881 5.0673982511064404e-05 2.5336991255532202e-05 1.2668495627766101e-05 6.3342478138830504e-06 3.1671239069415252e-06 1.5835619534707626e-06 7.917809767353813e-07 3.9589048836769065e-07 1.9794524418384533e-07 9.897262209192266e-08 4.948631104596133e-08 2.4743155522980666e-08 1.2371577761490333e-08 6.1857888807451665e-09 3.0928944403725832e-09 1.5464472201862916e-09 7.732236100931458e-10 3.866118050465729e-10 1.9330590252328645e-10 9.665295126164323e-11 4.832647563082161e-11 2.4163237815410806e-11 1.2081618907705403e-11 6.040809453852702e-12 3.020404726926351e-12 1.5102023634631754e-12 7.551011817315877e-13 3.7755059086579385e-13 1.8877529543289693e-13 9.438764771644846e-14 4.719382385822423e-14 2.3596911929112116e-14 1.1798455964556058e-14 5.899227982278029e-15 -5.899227982278029e-15 -1.1798455964556058e-14 -2.3596911929112116e-14 -4.719382385822423e-14 -9.438764771644846e-14 -1.8877529543289693e-13 -3.7755059086579385e-13 -7.551011817315877e-13 -1.5102023634631754e-12 -3.020404726926351e-12 -6.040809453852702e-12 -1.2081618907705403e-11 -2.4163237815410806e-11 -4.832647563082161e-11 -9.665295126164323e-11 -1.9330590252328645e-10 -3.866118050465729e-10 -7.732236100931458e-10 -1.5464472201862916e-09 -3.0928944403725832e-09 -6.1857888807451665e-09 -1.2371577761490333e-08 -2.4743155522980666e-08 -4.948631104596133e-08 -9.897262209192266e-08 -1.9794524418384533e-07 -3.9589048836769065e-07 -7.917809767353813e-07 -1.5835619534707626e-06 -3.1671239069415252e-06 -6.3342478138830504e-06 -1.2668495627766101e-05 -2.5336991255532202e-05 -5.0673982511064404e-05 -0.00010134796502212881 -0.00020269593004425761 -0.00040539186008851523 -0.0008107837201770305 -0.001621567440354061 -0.003243134880708122 -0.006486269761416244 -0.012972539522832487 -0.025945079045664975 -0.05189015809132995 -0.1037803161826599 -0.2075606323653198 -0.4151212647306396 -0.8302425294612792 -1.6604850589225584 -3.3209701178451168 -6.6419402356902335 -13.283880471380467 -26.567760942760934 -53.13552188552187 -106.27104377104374 -212.54208754208747 -425.08417508417494 -850.1683501683499 -1700.3367003366998 -3400.6734006733996 
1700.3367003366998 2886.060986557106 425.08417508417494 212.54208754208747 106.27104377104374 53.13552188552187 26.567760942760934 13.283880471380467 6.6419402356902335 3.3209701178451168 1.6604850589225584 0.8302425294612792 0.4151212647306396 0.2075606323653198 0.1037803161826599 0.05189015809132995 0.025945079045664975 0.012972539522832487 0.006486269761416244 0.003243134880708122 0.001621567440354061 0.0008107837201770305 0.00040539186008851523 0.00020269593004425761 0.00010134796502212881 5.0673982511064404e-05 2.5336991255532202e-05 1.2668495627766101e-05 6.3342478138830504e-06 3.1671239069415252e-06 1.5835619534707626e-06 7.917809767353813e-07 3.9589048836769065e-07 1.9794524418384533e-07 9.897262209192266e-08 4.948631104596133e-08 2.4743155522980666e-08 1.2371577761490333e-08 6.1857888807451665e-09 3.0928944403725832e-09 1.5464472201862916e-09 7.732236100931458e-10 3.866118050465729e-10 1.9330590252328645e-10 9.665295126164323e-11 4.832647563082161e-11 2.4163237815410806e-11 1.2081618907705403e-11 6.040809453852702e-12 3.020404726926351e-12 1.5102023634631754e-12 7.551011817315877e-13 3.7755059086579385e-13 1.8877529543289693e-13 9.438764771644846e-14 4.719382385822423e-14 2.3596911929112116e-14 1.1798455964556058e-14 5.899227982278029e-15 2.9496139911390145e-15 -2.9496139911390145e-15 -5.899227982278029e-15 -1.1798455964556058e-14 -2.3596911929112116e-14 -4.719382385822423e-14 -9.438764771644846e-14 -1.8877529543289693e-13 -3.7755059086579385e-13 -7.551011817315877e-13 -1.5102023634631754e-12 -3.020404726926351e-12 -6.040809453852702e-12 -1.2081618907705403e-11 -2.4163237815410806e-11 -4.832647563082161e-11 -9.665295126164323e-11 -1.9330590252328645e-10 -3.866118050465729e-10 -7.732236100931458e-10 -1.5464472201862916e-09 -3.0928944403725832e-09 -6.1857888807451665e-09 -1.2371577761490333e-08 -2.4743155522980666e-08 -4.948631104596133e-08 -9.897262209192266e-08 -1.9794524418384533e-07 -3.9589048836769065e-07 -7.917809767353813e-07 -1.5835619534707626e-06 -3.1671239069415252e-06 -6.3342478138830504e-06 -1.2668495627766101e-05 -2.5336991255532202e-05 -5.0673982511064404e-05 -0.00010134796502212881 -0.00020269593004425761 -0.00040539186008851523 -0.0008107837201770305 -0.001621567440354061 -0.003243134880708122 -0.006486269761416244 -0.012972539522832487 -0.025945079045664975 -0.05189015809132995 -0.1037803161826599 -0.2075606323653198 -0.4151212647306396 -0.8302425294612792 -1.6604850589225584 -3.3209701178451168 -6.6419402356902335 -13.283880471380467 -26.567760942760934 -53.13552188552187 -106.27104377104374 -212.54208754208747 -425.08417508417494 -850.1683501683499 -1700.3367003366998 
850.1683501683499 425.08417508417494 1230.4884057364657 106.27104377104374 53.13552188552187 26.567760942760934 13.283880471380467 6.6419402356902335 3.3209701178451168 1.6604850589225584 0.8302425294612792 0.4151212647306396 0.2075606323653198 0.1037803161826599 0.05189015809132995 0.025945079045664975 0.012972539522832487 0.006486269761416244 0.003243134880708122 0.001621567440354061 0.0008107837201770305 0.00040539186008851523 0.00020269593004425761 0.00010134796502212881 5.0673982511064404e-05 2.5336991255532202e-05 1.2668495627766101e-05 6.3342478138830504e-06 3.1671239069415252e-06 1.5835619534707626e-06 7.917809767353813e-07 3.9589048836769065e-07 1.9794524418384533e-07 9.897262209192266e-08 4.948631104596133e-08 2.4743155522980666e-08 1.2371577761490333e-08 6.1857888807451665e-09 3.0928944403725832e-09 1.5464472201862916e-09 7.732236100931458e-10 3.866118050465729e-10 1.9330590252328645e-10 9.665295126164323e-11 4.832647563082161e-11 2.4163237815410806e-11 1.2081618907705403e-11 6.040809453852702e-12 3.020404726926351e-12 1.5102023634631754e-12 7.551011817315877e-13 3.7755059086579385e-13 1.8877529543289693e-13 9.438764771644846e-14 4.719382385822423e-14 2.3596911929112116e-14 1.1798455964556058e-14 5.899227982278029e-15 2.9496139911390145e-15 1.4748069955695072e-15 -1.4748069955695072e-15 -2.9496139911390145e-15 -5.899227982278029e-15 -1.1798455964556058e-14 -2.3596911929112116e-14 -4.719382385822423e-14 -9.438764771644846e-14 -1.8877529543289693e-13 -3.7755059086579385e-13 -7.551011817315877e-13 -1.5102023634631754e-12 -3.020404726926351e-12 -6.040809453852702e-12 -1.2081618907705403e-11 -2.4163237815410806e-11 -4.832647563082161e-11 -9.665295126164323e-11 -1.9330590252328645e-10 -3.866118050465729e-10 -7.732236100931458e-10 -1.5464472201862916e-09 -3.0928944403725832e-09 -6.1857888807451665e-09 -1.2371577761490333e-08 -2.4743155522980666e-08 -4.948631104596133e-08 -9.897262209192266e-08 -1.9794524418384533e-07 -3.9589048836769065e-07 -7.917809767353813e-07 -1.5835619534707626e-06 -3.1671239069415252e-06 -6.3342478138830504e-06 -1.2668495627766101e-05 -2.5336991255532202e-05 -5.0673982511064404e-05 -0.00010134796502212881 -0.00020269593004425761 -0.00040539186008851523 -0.0008107837201770305 -0.001621567440354061 -0.003243134880708122 -0.006486269761416244 -0.012972539522832487 -0.025945079045664975 -0.05189015809132995 -0.1037803161826599 -0.2075606323653198 -0.4151212647306396 -0.8302425294612792 -1.6604850589225584 -3.3209701178451168 -6.6419402356902335 -13.283880471380467 -26.567760942760934 -53.13552188552187 -106.27104377104374 -212.54208754208747 -425.08417508417494 -850.1683501683499 
425.08417508417494 212.54208754208747 106.27104377104374 562.1086809827109 26.567760942760934 13.283880471380467 6.6419402356902335 3.3209701178451168 1.6604850589225584 0.8302425294612792 0.4151212647306396 0.2075606323653198 0.1037803161826599 0.05189015809132995 0.025945079045664975 0.012972539522832487 0.006486269761416244 0.003243134880708122 0.001621567440354061 0.0008107837201770305 0.00040539186008851523 0.00020269593004425761 0.00010134796502212881 5.0673982511064404e-05 2.5336991255532202e-05 1.2668495627766101e-05 6.3342478138830504e-06 3.1671239069415252e-06 1.5835619534707626e-06 7.917809767353813e-07 3.9589048836769065e-07 1.9794524418384533e-07 9.897262209192266e-08 4.948631104596133e-08 2.4743155522980666e-08 1.2371577761490333e-08 6.1857888807451665e-09 3.0928944403725832e-09 1.5464472201862916e-09 7.732236100931458e-10 3.866118050465729e-10 1.9330590252328645e-10 9.665295126164323e-11 4.832647563082161e-11 2.4163237815410806e-11 1.2081618907705403e-11 6.040809453852702e-12 3.020404726926351e-12 1.5102023634631754e-12 7.551011817315877e-13 3.7755059086579385e-13 1.8877529543289693e-13 9.438764771644846e-14 4.719382385822423e-14 2.3596911929112116e-14 1.1798455964556058e-14 5.899227982278029e-15 2.9496139911390145e-15 1.4748069955695072e-15 7.374034977847536e-16 -7.374034977847536e-16 -1.4748069955695072e-15 -2.9496139911390145e-15 -5.899227982278029e-15 -1.1798455964556058e-14 -2.3596911929112116e-14 -4.719382385822423e-14 -9.438764771644846e-14 -1.8877529543289693e-13 -3.7755059086579385e-13 -7.551011817315877e-13 -1.5102023634631754e-12 -3.020404726926351e-12 -6.040809453852702e-12 -1.2081618907705403e-11 -2.4163237815410806e-11 -4.832647563082161e-11 -9.665295126164323e-11 -1.9330590252328645e-10 -3.866118050465729e-10 -7.732236100931458e-10 -1.5464472201862916e-09 -3.0928944403725832e-09 -6.1857888807451665e-09 -1.2371577761490333e-08 -2.4743155522980666e-08 -4.948631104596133e-08 -9.897262209192266e-08 -1.9794524418384533e-07 -3.9589048836769065e-07 -7.917809767353813e-07 -1.5835619534707626e-06 -3.1671239069415252e-06 -6.3342478138830504e-06 -1.2668495627766101e-05 -2.5336991255532202e-05 -5.0673982511064404e-05 -0.00010134796502212881 -0.00020269593004425761 -0.00040539186008851523 -0.0008107837201770305 -0.001621567440354061 -0.003243134880708122 -0.006486269761416244 -0.012972539522832487 -0.025945079045664975 -0.05189015809132995 -0.1037803161826599 -0.2075606323653198 -0.4151212647306396 -0.8302425294612792 -1.6604850589225584 -3.3209701178451168 -6.6419402356902335 -13.283880471380467 -26.567760942760934 -53.13552188552187 -106.27104377104374 -212.54208754208747 -425.08417508417494 
212.54208754208747 106.27104377104374 53.13552188552187 26.567760942760934 267.770460019975 6.6419402356902335 3.3209701178451168 1.6604850589225584 0.8302425294612792 0.4151212647306396 0.2075606323653198 0.1037803161826599 0.05189015809132995 0.025945079045664975 0.012972539522832487 0.006486269761416244 0.003243134880708122 0.001621567440354061 0.0008107837201770305 0.00040539186008851523 0.00020269593004425761 0.00010134796502212881 5.0673982511064404e-05 2.5336991255532202e-05 1.2668495627766101e-05 6.3342478138830504e-06 3.1671239069415252e-06 1.5835619534707626e-06 7.917809767353813e-07 3.9589048836769065e-07 1.9794524418384533e-07 9.897262209192266e-08 4.948631104596133e-08 2.4743155522980666e-08 1.2371577761490333e-08 6.1857888807451665e-09 3.0928944403725832e-09 1.5464472201862916e-09 7.732236100931458e-10 3.866118050465729e-10 1.9330590252328645e-10 9.665295126164323e-11 4.832647563082161e-11 2.4163237815410806e-11 1.2081618907705403e-11 6.040809453852702e-12 3.020404726926351e-12 1.5102023634631754e-12 7.551011817315877e-13 3.7755059086579385e-13 1.8877529543289693e-13 9.438764771644846e-14 4.719382385822423e-14 2.3596911929112116e-14 1.1798455964556058e-14 5.899227982278029e-15 2.9496139911390145e-15 1.4748069955695072e-15 7.374034977847536e-16 3.687017488923768e-16 -3.687017488923768e-16 -7.374034977847536e-16 -1.4748069955695072e-15 -2.9496139911390145e-15 -5.899227982278029e-15 -1.1798455964556058e-14 -2.3596911929112116e-14 -4.719382385822423e-14 -9.438764771644846e-14 -1.8877529543289693e-13 -3.7755059086579385e-13 -7.551011817315877e-13 -1.5102023634631754e-12 -3.020404726926351e-12 -6.040809453852702e-12 -1.2081618907705403e-11 -2.4163237815410806e-11 -4.832647563082161e-11 -9.665295126164323e-11 -1.9330590252328645e-10 -3.866118050465729e-10 -7.732236100931458e-10 -1.5464472201862916e-09 -3.0928944403725832e-09 -6.1857888807451665e-09 -1.2371577761490333e-08 -2.4743155522980666e-08 -4.948631104596133e-08 -9.897262209192266e-08 -1.9794524418384533e-07 -3.9589048836769065e-07 -7.917809767353813e-07 -1.5835619534707626e-06 -3.1671239069415252e-06 -6.3342478138830504e-06 -1.2668495627766101e-05 -2.5336991255532202e-05 -5.0673982511064404e-05 -0.00010134796502212881 -0.00020269593004425761 -0.00040539186008851523 -0.0008107837201770305 -0.001621567440354061 -0.003243134880708122 -0.006486269761416244 -0.012972539522832487 -0.025945079045664975 -0.05189015809132995 -0.1037803161826599 -0.2075606323653198 -0.4151212647306396 -0.8302425294612792 -1.6604850589225584 -3.3209701178451168 -6.6419402356902335 -13.283880471380467 -26.567760942760934 -53.13552188552187 -106.27104377104374 -212.54208754208747 
106.27104377104374 53.13552188552187 26.567760942760934 13.283880471380467 6.6419402356902335 130.5642598921424 1.6604850589225584 0.8302425294612792 0.4151212647306396 0.2075606323653198 0.1037803161826599 0.05189015809132995 0.025945079045664975 0.012972539522832487 0.006486269761416244 0.003243134880708122 0.001621567440354061 0.0008107837201770305 0.00040539186008851523 0.00020269593004425761 0.00010134796502212881 5.0673982511064404e-05 2.5336991255532202e-05 1.2668495627766101e-05 6.3342478138830504e-06 3.1671239069415252e-06 1.5835619534707626e-06 7.917809767353813e-07 3.9589048836769065e-07 1.9794524418384533e-07 9.897262209192266e-08 4.948631104596133e-08 2.4743155522980666e-08 1.2371577761490333e-08 6.1857888807451665e-09 3.0928944403725832e-09 1.5464472201862916e-09 7.732236100931458e-10 3.866118050465729e-10 1.9330590252328645e-10 9.665295126164323e-11 4.832647563082161e-11 2.4163237815410806e-11 1.2081618907705403e-11 6.040809453852702e-12 3.020404726926351e-12 1.5102023634631754e-12 7.551011817315877e-13 3.7755059086579385e-13 1.8877529543289693e-13 9.438764771644846e-14 4.719382385822423e-14 2.3596911929112116e-14 1.1798455964556058e-14 5.899227982278029e-15 2.9496139911390145e-15 1.4748069955695072e-15 7.374034977847536e-16 3.687017488923768e-16 1.843508744461884e-16 -1.843508744461884e-16 -3.687017488923768e-16 -7.374034977847536e-16 -1.4748069955695072e-15 -2.9496139911390145e-15 -5.899227982278029e-15 -1.1798455964556058e-14 -2.3596911929112116e-14 -4.719382385822423e-14 -9.438764771644846e-14 -1.8877529543289693e-13 -3.7755059086579385e-13 -7.551011817315877e-13 -1.5102023634631754e-12 -3.020404726926351e-12 -6.040809453852702e-12 -1.2081618907705403e-11 -2.4163237815410806e-11 -4.832647563082161e-11 -9.665295126164323e-11 -1.9330590252328645e-10 -3.866118050465729e-10 -7.732236100931458e-10 -1.5464472201862916e-09 -3.0928944403725832e-09 -6.1857888807451665e-09 -1.2371577761490333e-08 -2.4743155522980666e-08 -4.948631104596133e-08 -9.897262209192266e-08 -1.9794524418384533e-07 -3.9589048836769065e-07 -7.917809767353813e-07 -1.5835619534707626e-06 -3.1671239069415252e-06 -6.3342478138830504e-06 -1.2668495627766101e-05 -2.5336991255532202e-05 -5.0673982511064404e-05 -0.00010134796502212881 -0.00020269593004425761 -0.00040539186008851523 -0.0008107837201770305 -0.001621567440354061 -0.003243134880708122 -0.006486269761416244 -0.012972539522832487 -0.025945079045664975 -0.05189015809132995 -0.1037803161826599 -0.2075606323653198 -0.4151212647306396 -0.8302425294612792 -1.6604850589225584 -3.3209701178451168 -6.6419402356902335 -13.283880471380467 -26.567760942760934 -53.13552188552187 -106.27104377104374 
53.13552188552187 26.567760942760934 13.283880471380467 6.6419402356902335 3.3209701178451168 1.6604850589225584 64.4518874166099 0.4151212647306396 0.2075606323653198 0.1037803161826599 0.05189015809132995 0.025945079045664975 0.012972539522832487 0.006486269761416244 0.003243134880708122 0.001621567440354061 0.0008107837201770305 0.00040539186008851523 0.00020269593004425761 0.00010134796502212881 5.0673982511064404e-05 2.5336991255532202e-05 1.2668495627766101e-05 6.3342478138830504e-06 3.1671239069415252e-06 1.5835619534707626e-06 7.917809767353813e-07 3.9589048836769065e-07 1.9794524418384533e-07 9.897262209192266e-08 4.948631104596133e-08 2.4743155522980666e-08 1.2371577761490333e-08 6.1857888807451665e-09 3.0928944403725832e-09 1.5464472201862916e-09 7.732236100931458e-10 3.866118050465729e-10 1.9330590252328645e-10 9.665295126164323e-11 4.832647563082161e-11 2.4163237815410806e-11 1.2081618907705403e-11 6.040809453852702e-12 3.020404726926351e-12 1.5102023634631754e-12 7.551011817315877e-13 3.7755059086579385e-13 1.8877529543289693e-13 9.438764771644846e-14 4.719382385822423e-14 2.3596911929112116e-14 1.1798455964556058e-14 5.899227982278029e-15 2.9496139911390145e-15 1.4748069955695072e-15 7.374034977847536e-16 3.687017488923768e-16 1.843508744461884e-16 9.21754372230942e-17 -9.21754372230942e-17 -1.843508744461884e-16 -3.687017488923768e-16 -7.374034977847536e-16 -1.4748069955695072e-15 -2.9496139911390145e-15 -5.899227982278029e-15 -1.1798455964556058e-14 -2.3596911929112116e-14 -4.719382385822423e-14 -9.438764771644846e-14 -1.8877529543289693e-13 -3.7755059086579385e-13 -7.551011817315877e-13 -1.5102023634631754e-12 -3.020404726926351e-12 -6.040809453852702e-12 -1.2081618907705403e-11 -2.4163237815410806e-11 -4.832647563082161e-11 -9.665295126164323e-11 -1.9330590252328645e-10 -3.866118050465729e-10 -7.732236100931458e-10 -1.5464472201862916e-09 -3.0928944403725832e-09 -6.1857888807451665e-09 -1.2371577761490333e-08 -2.4743155522980666e-08 -4.948631104596133e-08 -9.897262209192266e-08 -1.9794524418384533e-07 -3.9589048836769065e-07 -7.917809767353813e-07 -1.5835619534707626e-06 -3.1671239069415252e-06 -6.3342478138830504e-06 -1.2668495627766101e-05 -2.5336991255532202e-05 -5.0673982511064404e-05 -0.00010134796502212881 -0.00020269593004425761 -0.00040539186008851523 -0.0008107837201770305 -0.001621567440354061 -0.003243134880708122 -0.006486269761416244 -0.012972539522832487 -0.025945079045664975 -0.05189015809132995 -0.1037803161826599 -0.2075606323653198 -0.4151212647306396 -0.8302425294612792 -1.6604850589225584 -3.3209701178451168 -6.6419402356902335 -13.283880471380467 -26.567760942760934 -53.13552188552187 
26.567760942760934 13.283880471380467 6.6419402356902335 3.3209701178451168 1.6604850589225584 0.8302425294612792 0.4151212647306396 32.01838307593964 0.1037803161826599 0.05189015809132995 0.025945079045664975 0.012972539522832487 0.006486269761416244 0.003243134880708122 0.001621567440354061 0.0008107837201770305 0.00040539186008851523 0.00020269593004425761 0.00010134796502212881 5.0673982511064404e-05 2.5336991255532202e-05 1.2668495627766101e-05 6.3342478138830504e-06 3.1671239069415252e-06 1.5835619534707626e-06 7.917809767353813e-07 3.9589048836769065e-07 1.9794524418384533e-07 9.897262209192266e-08 4.948631104596133e-08 2.4743155522980666e-08 1.2371577761490333e-08 6.1857888807451665e-09 3.0928944403725832e-09 1.5464472201862916e-09 7.732236100931458e-10 3.866118050465729e-10 1.9330590252328645e-10 9.665295126164323e-11 4.832647563082161e-11 2.4163237815410806e-11 1.2081618907705403e-11 6.040809453852702e-12 3.020404726926351e-12 1.5102023634631754e-12 7.551011817315877e-13 3.7755059086579385e-13 1.8877529543289693e-13 9.438764771644846e-14 4.719382385822423e-14 2.3596911929112116e-14 1.1798455964556058e-14 5.899227982278029e-15 2.9496139911390145e-15 1.4748069955695072e-15 7.374034977847536e-16 3.687017488923768e-16 1.843508744461884e-16 9.21754372230942e-17 4.60877186115471e-17 -4.60877186115471e-17 -9.21754372230942e-17 -1.843508744461884e-16 -3.687017488923768e-16 -7.374034977847536e-16 -1.4748069955695072e-15 -2.9496139911390145e-15 -5.899227982278029e-15 -1.1798455964556058e-14 -2.3596911929112116e-14 -4.719382385822423e-14 -9.438764771644846e-14 -1.8877529543289693e-13 -3.7755059086579385e-13 -7.551011817315877e-13 -1.5102023634631754e-12 -3.020404726926351e-12 -6.040809453852702e-12 -1.2081618907705403e-11 -2.4163237815410806e-11 -4.832647563082161e-11 -9.665295126164323e-11 -1.9330590252328645e-10 -3.866118050465729e-10 -7.732236100931458e-10 -1.5464472201862916e-09 -3.0928944403725832e-09 -6.1857888807451665e-09 -1.2371577761490333e-08 -2.4743155522980666e-08 -4.948631104596133e-08 -9.897262209192266e-08 -1.9794524418384533e-07 -3.9589048836769065e-07 -7.917809767353813e-07 -1.5835619534707626e-06 -3.1671239069415252e-06 -6.3342478138830504e-06 -1.2668495627766101e-05 -2.5336991255532202e-05 -5.0673982511064404e-05 -0.00010134796502212881 -0.00020269593004425761 -0.00040539186008851523 -0.0008107837201770305 -0.001621567440354061 -0.003243134880708122 -0.006486269761416244 -0.012972539522832487 -0.025945079045664975 -0.05189015809132995 -0.1037803161826599 -0.2075606323653198 -0.4151212647306396 -0.8302425294612792 -1.6604850589225584 -3.3209701178451168 -6.6419402356902335 -13.283880471380467 -26.567760942760934 
13.283880471380467 6.6419402356902335 3.3209701178451168 1.6604850589225584 0.8302425294612792 0.4151212647306396 0.2075606323653198 0.1037803161826599 15.957301379878489 0.025945079045664975 0.012972539522832487 0.006486269761416244 0.003243134880708122 0.001621567440354061 0.0008107837201770305 0.00040539186008851523 0.00020269593004425761 0.00010134796502212881 5.0673982511064404e-05 2.5336991255532202e-05 1.2668495627766101e-05 6.3342478138830504e-06 3.1671239069415252e-06 1.5835619534707626e-06 7.917809767353813e-07 3.9589048836769065e-07 1.9794524418384533e-07 9.897262209192266e-08 4.948631104596133e-08 2.4743155522980666e-08 1.2371577761490333e-08 6.1857888807451665e-09 3.0928944403725832e-09 1.5464472201862916e-09 7.732236100931458e-10 3.866118050465729e-10 1.9330590252328645e-10 9.665295126164323e-11 4.832647563082161e-11 2.4163237815410806e-11 1.2081618907705403e-11 6.040809453852702e-12 3.020404726926351e-12 1.5102023634631754e-12 7.551011817315877e-13 3.7755059086579385e-13 1.8877529543289693e-13 9.438764771644846e-14 4.719382385822423e-14 2.3596911929112116e-14 1.1798455964556058e-14 5.899227982278029e-15 2.9496139911390145e-15 1.4748069955695072e-15 7.374034977847536e-16 3.687017488923768e-16 1.843508744461884e-16 9.21754372230942e-17 4.60877186115471e-17 2.304385930577355e-17 -2.304385930577355e-17 -4.60877186115471e-17 -9.21754372230942e-17 -1.843508744461884e-16 -3.687017488923768e-16 -7.374034977847536e-16 -1.4748069955695072e-15 -2.9496139911390145e-15 -5.899227982278029e-15 -1.1798455964556058e-14 -2.3596911929112116e-14 -4.719382385822423e-14 -9.438764771644846e-14 -1.8877529543289693e-13 -3.7755059086579385e-13 -7.551011817315877e-13 -1.5102023634631754e-12 -3.020404726926351e-12 -6.040809453852702e-12 -1.2081618907705403e-11 -2.4163237815410806e-11 -4.832647563082161e-11 -9.665295126164323e-11 -1.9330590252328645e-10 -3.866118050465729e-10 -7.732236100931458e-10 -1.5464472201862916e-09 -3.0928944403725832e-09 -6.1857888807451665e-09 -1.2371577761490333e-08 -2.4743155522980666e-08 -4.948631104596133e-08 -9.897262209192266e-08 -1.9794524418384533e-07 -3.9589048836769065e-07 -7.917809767353813e-07 -1.5835619534707626e-06 -3.1671239069415252e-06 -6.3342478138830504e-06 -1.2668495627766101e-05 -2.5336991255532202e-05 -5.0673982511064404e-05 -0.00010134796502212881 -0.00020269593004425761 -0.00040539186008851523 -0.0008107837201770305 -0.001621567440354061 -0.003243134880708122 -0.006486269761416244 -0.012972539522832487 -0.025945079045664975 -0.05189015809132995 -0.1037803161826599 -0.2075606323653198 -0.4151212647306396 -0.8302425294612792 -1.6604850589225584 -3.3209701178451168 -6.6419402356902335 -13.283880471380467 
6.6419402356902335 3.3209701178451168 1.6604850589225584 0.8302425294612792 0.4151212647306396 0.2075606323653198 0.1037803161826599 0.05189015809132995 0.025945079045664975 7.965678150416411 0.006486269761416244 0.003243134880708122 0.001621567440354061 0.0008107837201770305 0.00040539186008851523 0.00020269593004425761 0.00010134796502212881 5.0673982511064404e-05 2.5336991255532202e-05 1.2668495627766101e-05 6.3342478138830504e-06 3.1671239069415252e-06 1.5835619534707626e-06 7.917809767353813e-07 3.9589048836769065e-07 1.9794524418384533e-07 9.897262209192266e-08 4.948631104596133e-08 2.4743155522980666e-08 1.2371577761490333e-08 6.1857888807451665e-09 3.0928944403725832e-09 1.5464472201862916e-09 7.732236100931458e-10 3.866118050465729e-10 1.9330590252328645e-10 9.665295126164323e-11 4.832647563082161e-11 2.4163237815410806e-11 1.2081618907705403e-11 6.040809453852702e-12 3.020404726926351e-12 1.5102023634631754e-12 7.551011817315877e-13 3.7755059086579385e-13 1.8877529543289693e-13 9.438764771644846e-14 4.719382385822423e-14 2.3596911929112116e-14 1.1798455964556058e-14 5.899227982278029e-15 2.9496139911390145e-15 1.4748069955695072e-15 7.374034977847536e-16 3.687017488923768e-16 1.843508744461884e-16 9.21754372230942e-17 4.60877186115471e-17 2.304385930577355e-17 1.1521929652886775e-17 -1.1521929652886775e-17 -2.304385930577355e-17 -4.60877186115471e-17 -9.21754372230942e-17 -1.843508744461884e-16 -3.687017488923768e-16 -7.374034977847536e-16 -1.4748069955695072e-15 -2.9496139911390145e-15 -5.899227982278029e-15 -1.1798455964556058e-14 -2.3596911929112116e-14 -4.719382385822423e-14 -9.438764771644846e-14 -1.8877529543289693e-13 -3.7755059086579385e-13 -7.551011817315877e-13 -1.5102023634631754e-12 -3.020404726926351e-12 -6.040809453852702e-12 -1.2081618907705403e-11 -2.4163237815410806e-11 -4.832647563082161e-11 -9.665295126164323e-11 -1.9330590252328645e-10 -3.866118050465729e-10 -7.732236100931458e-10 -1.5464472201862916e-09 -3.0928944403725832e-09 -6.1857888807451665e-09 -1.2371577761490333e-08 -2.4743155522980666e-08 -4.948631104596133e-08 -9.897262209192266e-08 -1.9794524418384533e-07 -3.9589048836769065e-07 -7.917809767353813e-07 -1.5835619534707626e-06 -3.1671239069415252e-06 -6.3342478138830504e-06 -1.2668495627766101e-05 -2.5336991255532202e-05 -5.0673982511064404e-05 -0.00010134796502212881 -0.00020269593004425761 -0.00040539186008851523 -0.0008107837201770305 -0.001621567440354061 -0.003243134880708122 -0.006486269761416244 -0.012972539522832487 -0.025945079045664975 -0.05189015809132995 -0.1037803161826599 -0.2075606323653198 -0.4151212647306396 -0.8302425294612792 -1.6604850589225584 -3.3209701178451168 -6.6419402356902335 
3.3209701178451168 1.6604850589225584 0.8302425294612792 0.4151212647306396 0.2075606323653198 0.1037803161826599 0.05189015809132995 0.025945079045664975 0.012972539522832487 0.006486269761416244 3.979595940327498 0.001621567440354061 0.0008107837201770305 0.00040539186008851523 0.00020269593004425761 0.00010134796502212881 5.0673982511064404e-05 2.5336991255532202e-05 1.2668495627766101e-05 6.3342478138830504e-06 3.1671239069415252e-06 1.5835619534707626e-06 7.917809767353813e-07 3.9589048836769065e-07 1.9794524418384533e-07 9.897262209192266e-08 4.948631104596133e-08 2.4743155522980666e-08 1.2371577761490333e-08 6.1857888807451665e-09 3.0928944403725832e-09 1.5464472201862916e-09 7.732236100931458e-10 3.866118050465729e-10 1.9330590252328645e-10 9.665295126164323e-11 4.832647563082161e-11 2.4163237815410806e-11 1.2081618907705403e-11 6.040809453852702e-12 3.020404726926351e-12 1.5102023634631754e-12 7.551011817315877e-13 3.7755059086579385e-13 1.8877529543289693e-13 9.438764771644846e-14 4.719382385822423e-14 2.3596911929112116e-14 1.1798455964556058e-14 5.899227982278029e-15 2.9496139911390145e-15 1.4748069955695072e-15 7.374034977847536e-16 3.687017488923768e-16 1.843508744461884e-16 9.21754372230942e-17 4.60877186115471e-17 2.304385930577355e-17 1.1521929652886775e-17 5.760964826443388e-18 -5.760964826443388e-18 -1.1521929652886775e-17 -2.304385930577355e-17 -4.60877186115471e-17 -9.21754372230942e-17 -1.843508744461884e-16 -3.687017488923768e-16 -7.374034977847536e-16 -1.4748069955695072e-15 -2.9496139911390145e-15 -5.899227982278029e-15 -1.1798455964556058e-14 -2.3596911929112116e-14 -4.719382385822423e-14 -9.438764771644846e-14 -1.8877529543289693e-13 -3.7755059086579385e-13 -7.551011817315877e-13 -1.5102023634631754e-12 -3.020404726926351e-12 -6.040809453852702e-12 -1.2081618907705403e-11 -2.4163237815410806e-11 -4.832647563082161e-11 -9.665295126164323e-11 -1.9330590252328645e-10 -3.866118050465729e-10 -7.732236100931458e-10 -1.5464472201862916e-09 -3.0928944403725832e-09 -6.1857888807451665e-09 -1.2371577761490333e-08 -2.4743155522980666e-08 -4.948631104596133e-08 -9.897262209192266e-08 -1.9794524418384533e-07 -3.9589048836769065e-07 -7.917809767353813e-07 -1.5835619534707626e-06 -3.1671239069415252e-06 -6.3342478138830504e-06 -1.2668495627766101e-05 -2.5336991255532202e-05 -5.0673982511064404e-05 -0.00010134796502212881 -0.00020269593004425761 -0.00040539186008851523 -0.0008107837201770305 -0.001621567440354061 -0.003243134880708122 -0.006486269761416244 -0.012972539522832487 -0.025945079045664975 -0.05189015809132995 -0.1037803161826599 -0.2075606323653198 -0.4151212647306396 -0.8302425294612792 -1.6604850589225584 -3.3209701178451168 
1.6604850589225584 0.8302425294612792 0.4151212647306396 0.2075606323653198 0.1037803161826599 0.05189015809132995 0.025945079045664975 0.012972539522832487 0.006486269761416244 0.003243134880708122 0.001621567440354061 1.9889871864435718 0.00040539186008851523 0.00020269593004425761 0.00010134796502212881 5.0673982511064404e-05 2.5336991255532202e-05 1.2668495627766101e-05 6.3342478138830504e-06 3.1671239069415252e-06 1.5835619534707626e-06 7.917809767353813e-07 3.9589048836769065e-07 1.9794524418384533e-07 9.897262209192266e-08 4.948631104596133e-08 2.4743155522980666e-08 1.2371577761490333e-08 6.1857888807451665e-09 3.0928944403725832e-09 1.5464472201862916e-09 7.732236100931458e-10 3.866118050465729e-10 1.9330590252328645e-10 9.665295126164323e-11 4.832647563082161e-11 2.4163237815410806e-11 1.2081618907705403e-11 6.040809453852702e-12 3.020404726926351e-12 1.5102023634631754e-12 7.551011817315877e-13 3.7755059086579385e-13 1.8877529543289693e-13 9.438764771644846e-14 4.719382385822423e-14 2.3596911929112116e-14 1.1798455964556058e-14 5.899227982278029e-15 2.9496139911390145e-15 1.4748069955695072e-15 7.374034977847536e-16 3.687017488923768e-16 1.843508744461884e-16 9.21754372230942e-17 4.60877186115471e-17 2.304385930577355e-17 1.1521929652886775e-17 5.760964826443388e-18 2.880482413221694e-18 -2.880482413221694e-18 -5.760964826443388e-18 -1.1521929652886775e-17 -2.304385930577355e-17 -4.60877186115471e-17 -9.21754372230942e-17 -1.843508744461884e-16 -3.687017488923768e-16 -7.374034977847536e-16 -1.4748069955695072e-15 -2.9496139911390145e-15 -5.899227982278029e-15 -1.1798455964556058e-14 -2.3596911929112116e-14 -4.719382385822423e-14 -9.438764771644846e-14 -1.8877529543289693e-13 -3.7755059086579385e-13 -7.551011817315877e-13 -1.5102023634631754e-12 -3.020404726926351e-12 -6.040809453852702e-12 -1.2081618907705403e-11 -2.4163237815410806e-11 -4.832647563082161e-11 -9.665295126164323e-11 -1.9330590252328645e-10 -3.866118050465729e-10 -7.732236100931458e-10 -1.5464472201862916e-09 -3.0928944403725832e-09 -6.1857888807451665e-09 -1.2371577761490333e-08 -2.4743155522980666e-08 -4.948631104596133e-08 -9.897262209192266e-08 -1.9794524418384533e-07 -3.9589048836769065e-07 -7.917809767353813e-07 -1.5835619534707626e-06 -3.1671239069415252e-06 -6.3342478138830504e-06 -1.2668495627766101e-05 -2.5336991255532202e-05 -5.0673982511064404e-05 -0.00010134796502212881 -0.00020269593004425761 -0.00040539186008851523 -0.0008107837201770305 -0.001621567440354061 -0.003243134880708122 -0.006486269761416244 -0.012972539522832487 -0.025945079045664975 -0.05189015809132995 -0.1037803161826599 -0.2075606323653198 -0.4151212647306396 -0.8302425294612792 -1.6604850589225584 
0.8302425294612792 0.4151212647306396 0.2075606323653198 0.1037803161826599 0.05189015809132995 0.025945079045664975 0.012972539522832487 0.006486269761416244 0.003243134880708122 0.001621567440354061 0.0008107837201770305 0.00040539186008851523 0.9942908972917417 0.00010134796502212881 5.0673982511064404e-05 2.5336991255532202e-05 1.2668495627766101e-05 6.3342478138830504e-06 3.1671239069415252e-06 1.5835619534707626e-06 7.917809767353813e-07 3.9589048836769065e-07 1.9794524418384533e-07 9.897262209192266e-08 4.948631104596133e-08 2.4743155522980666e-08 1.2371577761490333e-08 6.1857888807451665e-09 3.0928944403725832e-09 1.5464472201862916e-09 7.732236100931458e-10 3.866118050465729e-10 1.9330590252328645e-10 9.665295126164323e-11 4.832647563082161e-11 2.4163237815410806e-11 1.2081618907705403e-11 6.040809453852702e-12 3.020404726926351e-12 1.5102023634631754e-12 7.551011817315877e-13 3.7755059086579385e-13 1.8877529543289693e-13 9.438764771644846e-14 4.719382385822423e-14 2.3596911929112116e-14 1.1798455964556058e-14 5.899227982278029e-15 2.9496139911390145e-15 1.4748069955695072e-15 7.374034977847536e-16 3.687017488923768e-16 1.843508744461884e-16 9.21754372230942e-17 4.60877186115471e-17 2.304385930577355e-17 1.1521929652886775e-17 5.760964826443388e-18 2.880482413221694e-18 1.440241206610847e-18 -1.440241206610847e-18 -2.880482413221694e-18 -5.760964826443388e-18 -1.1521929652886775e-17 -2.304385930577355e-17 -4.60877186115471e-17 -9.21754372230942e-17 -1.843508744461884e-16 -3.687017488923768e-16 -7.374034977847536e-16 -1.4748069955695072e-15 -2.9496139911390145e-15 -5.899227982278029e-15 -1.1798455964556058e-14 -2.3596911929112116e-14 -4.719382385822423e-14 -9.438764771644846e-14 -1.8877529543289693e-13 -3.7755059086579385e-13 -7.551011817315877e-13 -1.5102023634631754e-12 -3.020404726926351e-12 -6.040809453852702e-12 -1.2081618907705403e-11 -2.4163237815410806e-11 -4.832647563082161e-11 -9.665295126164323e-11 -1.9330590252328645e-10 -3.866118050465729e-10 -7.732236100931458e-10 -1.5464472201862916e-09 -3.0928944403725832e-09 -6.1857888807451665e-09 -1.2371577761490333e-08 -2.4743155522980666e-08 -4.948631104596133e-08 -9.897262209192266e-08 -1.9794524418384533e-07 -3.9589048836769065e-07 -7.917809767353813e-07 -1.5835619534707626e-06 -3.1671239069415252e-06 -6.3342478138830504e-06 -1.2668495627766101e-05 -2.5336991255532202e-05 -5.0673982511064404e-05 -0.00010134796502212881 -0.00020269593004425761 -0.00040539186008851523 -0.0008107837201770305 -0.001621567440354061 -0.003243134880708122 -0.006486269761416244 -0.012972539522832487 -0.025945079045664975 -0.05189015809132995 -0.1037803161826599 -0.2075606323653198 -0.4151212647306396 -0.8302425294612792 
0.4151212647306396 0.2075606323653198 0.1037803161826599 0.05189015809132995 0.025945079045664975 0.012972539522832487 0.006486269761416244 0.003243134880708122 0.001621567440354061 0.0008107837201770305 0.00040539186008851523 0.00020269593004425761 0.00010134796502212881 0.4970947746633598 2.5336991255532202e-05 1.2668495627766101e-05 6.3342478138830504e-06 3.1671239069415252e-06 1.5835619534707626e-06 7.917809767353813e-07 3.9589048836769065e-07 1.9794524418384533e-07 9.897262209192266e-08 4.948631104596133e-08 2.4743155522980666e-08 1.2371577761490333e-08 6.1857888807451665e-09 3.0928944403725832e-09 1.5464472201862916e-09 7.732236100931458e-10 3.866118050465729e-10 1.9330590252328645e-10 9.665295126164323e-11 4.832647563082161e-11 2.4163237815410806e-11 1.2081618907705403e-11 6.040809453852702e-12 3.020404726926351e-12 1.5102023634631754e-12 7.551011817315877e-13 3.7755059086579385e-13 1.8877529543289693e-13 9.438764771644846e-14 4.719382385822423e-14 2.3596911929112116e-14 1.1798455964556058e-14 5.899227982278029e-15 2.9496139911390145e-15 1.4748069955695072e-15 7.374034977847536e-16 3.687017488923768e-16 1.843508744461884e-16 9.21754372230942e-17 4.60877186115471e-17 2.304385930577355e-17 1.1521929652886775e-17 5.760964826443388e-18 2.880482413221694e-18 1.440241206610847e-18 7.201206033054235e-19 -7.201206033054235e-19 -1.440241206610847e-18 -2.880482413221694e-18 -5.760964826443388e-18 -1.1521929652886775e-17 -2.304385930577355e-17 -4.60877186115471e-17 -9.21754372230942e-17 -1.843508744461884e-16 -3.687017488923768e-16 -7.374034977847536e-16 -1.4748069955695072e-15 -2.9496139911390145e-15 -5.899227982278029e-15 -1.1798455964556058e-14 -2.3596911929112116e-14 -4.719382385822423e-14 -9.438764771644846e-14 -1.8877529543289693e-13 -3.7755059086579385e-13 -7.551011817315877e-13 -1.5102023634631754e-12 -3.020404726926351e-12 -6.040809453852702e-12 -1.2081618907705403e-11 -2.4163237815410806e-11 -4.832647563082161e-11 -9.665295126164323e-11 -1.9330590252328645e-10 -3.866118050465729e-10 -7.732236100931458e-10 -1.5464472201862916e-09 -3.0928944403725832e-09 -6.1857888807451665e-09 -1.2371577761490333e-08 -2.4743155522980666e-08 -4.948631104596133e-08 -9.897262209192266e-08 -1.9794524418384533e-07 -3.9589048836769065e-07 -7.917809767353813e-07 -1.5835619534707626e-06 -3.1671239069415252e-06 -6.3342478138830504e-06 -1.2668495627766101e-05 -2.5336991255532202e-05 -5.0673982511064404e-05 -0.00010134796502212881 -0.00020269593004425761 -0.00040539186008851523 -0.0008107837201770305 -0.001621567440354061 -0.003243134880708122 -0.006486269761416244 -0.012972539522832487 -0.025945079045664975 -0.05189015809132995 -0.1037803161826599 -0.2075606323653198 -0.4151212647306396 
