2131.0458679463877 1700.3367003366998 850.1683501683499 425.08417508417494 212.54208754208747 106.27104377104374 53.13552188552187 26.567760942760934 13.283880471380467 6.6419402356902335 3.3209701178451168 1.6604850589225584 0.8302425294612792 0.4151212647306396 0.2075606323653198 -0.2075606323653198 -0.4151212647306396 -0.8302425294612792 -1.6604850589225584 -3.3209701178451168 -6.6419402356902335 -13.283880471380467 -26.567760942760934 -53.13552188552187 -106.27104377104374 -212.54208754208747 -425.08417508417494 -850.1683501683499 -1700.3367003366998 -3400.6734006733996 
1700.3367003366998 215.35458380484397 425.08417508417494 212.54208754208747 106.27104377104374 53.13552188552187 26.567760942760934 13.283880471380467 6.6419402356902335 3.3209701178451168 1.6604850589225584 0.8302425294612792 0.4151212647306396 0.2075606323653198 0.1037803161826599 -0.1037803161826599 -0.2075606323653198 -0.4151212647306396 -0.8302425294612792 -1.6604850589225584 -3.3209701178451168 -6.6419402356902335 -13.283880471380467 -26.567760942760934 -53.13552188552187 -106.27104377104374 -212.54208754208747 -425.08417508417494 -850.1683501683499 -1700.3367003366998 
850.1683501683499 425.08417508417494 -104.86479563966549 106.27104377104374 53.13552188552187 26.567760942760934 13.283880471380467 6.6419402356902335 3.3209701178451168 1.6604850589225584 0.8302425294612792 0.4151212647306396 0.2075606323653198 0.1037803161826599 0.05189015809132995 -0.05189015809132995 -0.1037803161826599 -0.2075606323653198 -0.4151212647306396 -0.8302425294612792 -1.6604850589225584 -3.3209701178451168 -6.6419402356902335 -13.283880471380467 -26.567760942760934 -53.13552188552187 -106.27104377104374 -212.54208754208747 -425.08417508417494 -850.1683501683499 
425.08417508417494 212.54208754208747 106.27104377104374 -105.56791970535461 26.567760942760934 13.283880471380467 6.6419402356902335 3.3209701178451168 1.6604850589225584 0.8302425294612792 0.4151212647306396 0.2075606323653198 0.1037803161826599 0.05189015809132995 0.025945079045664975 -0.025945079045664975 -0.05189015809132995 -0.1037803161826599 -0.2075606323653198 -0.4151212647306396 -0.8302425294612792 -1.6604850589225584 -3.3209701178451168 -6.6419402356902335 -13.283880471380467 -26.567760942760934 -53.13552188552187 -106.27104377104374 -212.54208754208747 -425.08417508417494 
212.54208754208747 106.27104377104374 53.13552188552187 26.567760942760934 -66.06784032405777 6.6419402356902335 3.3209701178451168 1.6604850589225584 0.8302425294612792 0.4151212647306396 0.2075606323653198 0.1037803161826599 0.05189015809132995 0.025945079045664975 0.012972539522832487 -0.012972539522832487 -0.025945079045664975 -0.05189015809132995 -0.1037803161826599 -0.2075606323653198 -0.4151212647306396 -0.8302425294612792 -1.6604850589225584 -3.3209701178451168 -6.6419402356902335 -13.283880471380467 -26.567760942760934 -53.13552188552187 -106.27104377104374 -212.54208754208747 
106.27104377104374 53.13552188552187 26.567760942760934 13.283880471380467 6.6419402356902335 -36.354890279874006 1.6604850589225584 0.8302425294612792 0.4151212647306396 0.2075606323653198 0.1037803161826599 0.05189015809132995 0.025945079045664975 0.012972539522832487 0.006486269761416244 -0.006486269761416244 -0.012972539522832487 -0.025945079045664975 -0.05189015809132995 -0.1037803161826599 -0.2075606323653198 -0.4151212647306396 -0.8302425294612792 -1.6604850589225584 -3.3209701178451168 -6.6419402356902335 -13.283880471380467 -26.567760942760934 -53.13552188552187 -106.27104377104374 
53.13552188552187 26.567760942760934 13.283880471380467 6.6419402356902335 3.3209701178451168 1.6604850589225584 -19.00768766939828 0.4151212647306396 0.2075606323653198 0.1037803161826599 0.05189015809132995 0.025945079045664975 0.012972539522832487 0.006486269761416244 0.003243134880708122 -0.003243134880708122 -0.006486269761416244 -0.012972539522832487 -0.025945079045664975 -0.05189015809132995 -0.1037803161826599 -0.2075606323653198 -0.4151212647306396 -0.8302425294612792 -1.6604850589225584 -3.3209701178451168 -6.6419402356902335 -13.283880471380467 -26.567760942760934 -53.13552188552187 
26.567760942760934 13.283880471380467 6.6419402356902335 3.3209701178451168 1.6604850589225584 0.8302425294612792 0.4151212647306396 -9.71140446706446 0.1037803161826599 0.05189015809132995 0.025945079045664975 0.012972539522832487 0.006486269761416244 0.003243134880708122 0.001621567440354061 -0.001621567440354061 -0.003243134880708122 -0.006486269761416244 -0.012972539522832487 -0.025945079045664975 -0.05189015809132995 -0.1037803161826599 -0.2075606323653198 -0.4151212647306396 -0.8302425294612792 -1.6604850589225584 -3.3209701178451168 -6.6419402356902335 -13.283880471380467 -26.567760942760934 
13.283880471380467 6.6419402356902335 3.3209701178451168 1.6604850589225584 0.8302425294612792 0.4151212647306396 0.2075606323653198 0.1037803161826599 -4.90759239162356 0.025945079045664975 0.012972539522832487 0.006486269761416244 0.003243134880708122 0.001621567440354061 0.0008107837201770305 -0.0008107837201770305 -0.001621567440354061 -0.003243134880708122 -0.006486269761416244 -0.012972539522832487 -0.025945079045664975 -0.05189015809132995 -0.1037803161826599 -0.2075606323653198 -0.4151212647306396 -0.8302425294612792 -1.6604850589225584 -3.3209701178451168 -6.6419402356902335 -13.283880471380467 
6.6419402356902335 3.3209701178451168 1.6604850589225584 0.8302425294612792 0.4151212647306396 0.2075606323653198 0.1037803161826599 0.05189015809132995 0.025945079045664975 -2.4667687353346124 0.006486269761416244 0.003243134880708122 0.001621567440354061 0.0008107837201770305 0.00040539186008851523 -0.00040539186008851523 -0.0008107837201770305 -0.001621567440354061 -0.003243134880708122 -0.006486269761416244 -0.012972539522832487 -0.025945079045664975 -0.05189015809132995 -0.1037803161826599 -0.2075606323653198 -0.4151212647306396 -0.8302425294612792 -1.6604850589225584 -3.3209701178451168 -6.6419402356902335 
3.3209701178451168 1.6604850589225584 0.8302425294612792 0.4151212647306396 0.2075606323653198 0.1037803161826599 0.05189015809132995 0.025945079045664975 0.012972539522832487 0.006486269761416244 -1.2366275025480145 0.001621567440354061 0.0008107837201770305 0.00040539186008851523 0.00020269593004425761 -0.00020269593004425761 -0.00040539186008851523 -0.0008107837201770305 -0.001621567440354061 -0.003243134880708122 -0.006486269761416244 -0.012972539522832487 -0.025945079045664975 -0.05189015809132995 -0.1037803161826599 -0.2075606323653198 -0.4151212647306396 -0.8302425294612792 -1.6604850589225584 -3.3209701178451168 
1.6604850589225584 0.8302425294612792 0.4151212647306396 0.2075606323653198 0.1037803161826599 0.05189015809132995 0.025945079045664975 0.012972539522832487 0.006486269761416244 0.003243134880708122 0.001621567440354061 -0.6191245349941842 0.00040539186008851523 0.00020269593004425761 0.00010134796502212881 -0.00010134796502212881 -0.00020269593004425761 -0.00040539186008851523 -0.0008107837201770305 -0.001621567440354061 -0.003243134880708122 -0.006486269761416244 -0.012972539522832487 -0.025945079045664975 -0.05189015809132995 -0.1037803161826599 -0.2075606323653198 -0.4151212647306396 -0.8302425294612792 -1.6604850589225584 
0.8302425294612792 0.4151212647306396 0.2075606323653198 0.1037803161826599 0.05189015809132995 0.025945079045664975 0.012972539522832487 0.006486269761416244 0.003243134880708122 0.001621567440354061 0.0008107837201770305 0.00040539186008851523 -0.3097649634271364 0.00010134796502212881 5.0673982511064404e-05 -5.0673982511064404e-05 -0.00010134796502212881 -0.00020269593004425761 -0.00040539186008851523 -0.0008107837201770305 -0.001621567440354061 -0.003243134880708122 -0.006486269761416244 -0.012972539522832487 -0.025945079045664975 -0.05189015809132995 -0.1037803161826599 -0.2075606323653198 -0.4151212647306396 -0.8302425294612792 
0.4151212647306396 0.2075606323653198 0.1037803161826599 0.05189015809132995 0.025945079045664975 0.012972539522832487 0.006486269761416244 0.003243134880708122 0.001621567440354061 0.0008107837201770305 0.00040539186008851523 0.00020269593004425761 0.00010134796502212881 -0.15493315569607924 2.5336991255532202e-05 -2.5336991255532202e-05 -5.0673982511064404e-05 -0.00010134796502212881 -0.00020269593004425761 -0.00040539186008851523 -0.0008107837201770305 -0.001621567440354061 -0.003243134880708122 -0.006486269761416244 -0.012972539522832487 -0.025945079045664975 -0.05189015809132995 -0.1037803161826599 -0.2075606323653198 -0.4151212647306396 
0.2075606323653198 0.1037803161826599 0.05189015809132995 0.025945079045664975 0.012972539522832487 0.006486269761416244 0.003243134880708122 0.001621567440354061 0.0008107837201770305 0.00040539186008851523 0.00020269593004425761 0.00010134796502212881 5.0673982511064404e-05 2.5336991255532202e-05 -0.07747924634366739 -1.2668495627766101e-05 -2.5336991255532202e-05 -5.0673982511064404e-05 -0.00010134796502212881 -0.00020269593004425761 -0.00040539186008851523 -0.0008107837201770305 -0.001621567440354061 -0.003243134880708122 -0.006486269761416244 -0.012972539522832487 -0.025945079045664975 -0.05189015809132995 -0.1037803161826599 -0.2075606323653198 
-0.2075606323653198 -0.1037803161826599 -0.05189015809132995 -0.025945079045664975 -0.012972539522832487 -0.006486269761416244 -0.003243134880708122 -0.001621567440354061 -0.0008107837201770305 -0.00040539186008851523 -0.00020269593004425761 -0.00010134796502212881 -5.0673982511064404e-05 -2.5336991255532202e-05 -1.2668495627766101e-05 0.07750458333492292 2.5336991255532202e-05 5.0673982511064404e-05 0.00010134796502212881 0.00020269593004425761 0.00040539186008851523 0.0008107837201770305 0.001621567440354061 0.003243134880708122 0.006486269761416244 0.012972539522832487 0.025945079045664975 0.05189015809132995 0.1037803161826599 0.2075606323653198 
-0.4151212647306396 -0.2075606323653198 -0.1037803161826599 -0.05189015809132995 -0.025945079045664975 -0.012972539522832487 -0.006486269761416244 -0.003243134880708122 -0.001621567440354061 -0.0008107837201770305 -0.00040539186008851523 -0.00020269593004425761 -0.00010134796502212881 -5.0673982511064404e-05 -2.5336991255532202e-05 2.5336991255532202e-05 0.15503450366110139 0.00010134796502212881 0.00020269593004425761 0.00040539186008851523 0.0008107837201770305 0.001621567440354061 0.003243134880708122 0.006486269761416244 0.012972539522832487 0.025945079045664975 0.05189015809132995 0.1037803161826599 0.2075606323653198 0.4151212647306396 
-0.8302425294612792 -0.4151212647306396 -0.2075606323653198 -0.1037803161826599 -0.05189015809132995 -0.025945079045664975 -0.012972539522832487 -0.006486269761416244 -0.003243134880708122 -0.001621567440354061 -0.0008107837201770305 -0.00040539186008851523 -0.00020269593004425761 -0.00010134796502212881 -5.0673982511064404e-05 5.0673982511064404e-05 0.00010134796502212881 0.31017035528722486 0.00040539186008851523 0.0008107837201770305 0.001621567440354061 0.003243134880708122 0.006486269761416244 0.012972539522832487 0.025945079045664975 0.05189015809132995 0.1037803161826599 0.2075606323653198 0.4151212647306396 0.8302425294612792 
-1.6604850589225584 -0.8302425294612792 -0.4151212647306396 -0.2075606323653198 -0.1037803161826599 -0.05189015809132995 -0.025945079045664975 -0.012972539522832487 -0.006486269761416244 -0.003243134880708122 -0.001621567440354061 -0.0008107837201770305 -0.00040539186008851523 -0.00020269593004425761 -0.00010134796502212881 0.00010134796502212881 0.00020269593004425761 0.00040539186008851523 0.6207461024345383 0.001621567440354061 0.003243134880708122 0.006486269761416244 0.012972539522832487 0.025945079045664975 0.05189015809132995 0.1037803161826599 0.2075606323653198 0.4151212647306396 0.8302425294612792 1.6604850589225584 
-3.3209701178451168 -1.6604850589225584 -0.8302425294612792 -0.4151212647306396 -0.2075606323653198 -0.1037803161826599 -0.05189015809132995 -0.025945079045664975 -0.012972539522832487 -0.006486269761416244 -0.003243134880708122 -0.001621567440354061 -0.0008107837201770305 -0.00040539186008851523 -0.00020269593004425761 0.00020269593004425761 0.00040539186008851523 0.0008107837201770305 0.001621567440354061 1.2431137723094305 0.006486269761416244 0.012972539522832487 0.025945079045664975 0.05189015809132995 0.1037803161826599 0.2075606323653198 0.4151212647306396 0.8302425294612792 1.6604850589225584 3.3209701178451168 
-6.6419402356902335 -3.3209701178451168 -1.6604850589225584 -0.8302425294612792 -0.4151212647306396 -0.2075606323653198 -0.1037803161826599 -0.05189015809132995 -0.025945079045664975 -0.012972539522832487 -0.006486269761416244 -0.003243134880708122 -0.001621567440354061 -0.0008107837201770305 -0.00040539186008851523 0.00040539186008851523 0.0008107837201770305 0.001621567440354061 0.003243134880708122 0.006486269761416244 2.4927138143802776 0.025945079045664975 0.05189015809132995 0.1037803161826599 0.2075606323653198 0.4151212647306396 0.8302425294612792 1.6604850589225584 3.3209701178451168 6.6419402356902335 
-13.283880471380467 -6.6419402356902335 -3.3209701178451168 -1.6604850589225584 -0.8302425294612792 -0.4151212647306396 -0.2075606323653198 -0.1037803161826599 -0.05189015809132995 -0.025945079045664975 -0.012972539522832487 -0.006486269761416244 -0.003243134880708122 -0.001621567440354061 -0.0008107837201770305 0.0008107837201770305 0.001621567440354061 0.003243134880708122 0.006486269761416244 0.012972539522832487 0.025945079045664975 5.01137270780622 0.1037803161826599 0.2075606323653198 0.4151212647306396 0.8302425294612792 1.6604850589225584 3.3209701178451168 6.6419402356902335 13.283880471380467 
-26.567760942760934 -13.283880471380467 -6.6419402356902335 -3.3209701178451168 -1.6604850589225584 -0.8302425294612792 -0.4151212647306396 -0.2075606323653198 -0.1037803161826599 -0.05189015809132995 -0.025945079045664975 -0.012972539522832487 -0.006486269761416244 -0.003243134880708122 -0.001621567440354061 0.001621567440354061 0.003243134880708122 0.006486269761416244 0.012972539522832487 0.025945079045664975 0.05189015809132995 0.1037803161826599 10.1265257317951 0.4151212647306396 0.8302425294612792 1.6604850589225584 3.3209701178451168 6.6419402356902335 13.283880471380467 26.567760942760934 
-53.13552188552187 -26.567760942760934 -13.283880471380467 -6.6419402356902335 -3.3209701178451168 -1.6604850589225584 -0.8302425294612792 -0.4151212647306396 -0.2075606323653198 -0.1037803161826599 -0.05189015809132995 -0.025945079045664975 -0.012972539522832487 -0.006486269761416244 -0.003243134880708122 0.003243134880708122 0.006486269761416244 0.012972539522832487 0.025945079045664975 0.05189015809132995 0.1037803161826599 0.2075606323653198 0.4151212647306396 20.66817272832084 1.6604850589225584 3.3209701178451168 6.6419402356902335 13.283880471380467 26.567760942760934 53.13552188552187 
-106.27104377104374 -53.13552188552187 -26.567760942760934 -13.283880471380467 -6.6419402356902335 -3.3209701178451168 -1.6604850589225584 -0.8302425294612792 -0.4151212647306396 -0.2075606323653198 -0.1037803161826599 -0.05189015809132995 -0.025945079045664975 -0.012972539522832487 -0.006486269761416244 0.006486269761416244 0.012972539522832487 0.025945079045664975 0.05189015809132995 0.1037803161826599 0.2075606323653198 0.4151212647306396 0.8302425294612792 1.6604850589225584 42.996830515564234 6.6419402356902335 13.283880471380467 26.567760942760934 53.13552188552187 106.27104377104374 
-212.54208754208747 -106.27104377104374 -53.13552188552187 -26.567760942760934 -13.283880471380467 -6.6419402356902335 -3.3209701178451168 -1.6604850589225584 -0.8302425294612792 -0.4151212647306396 -0.2075606323653198 -0.1037803161826599 -0.05189015809132995 -0.025945079045664975 -0.012972539522832487 0.012972539522832487 0.025945079045664975 0.05189015809132995 0.1037803161826599 0.2075606323653198 0.4151212647306396 0.8302425294612792 1.6604850589225584 3.3209701178451168 6.6419402356902335 92.63560126681871 26.567760942760934 53.13552188552187 106.27104377104374 212.54208754208747 
-425.08417508417494 -212.54208754208747 -106.27104377104374 -53.13552188552187 -26.567760942760934 -13.283880471380467 -6.6419402356902335 -3.3209701178451168 -1.6604850589225584 -0.8302425294612792 -0.4151212647306396 -0.2075606323653198 -0.1037803161826599 -0.05189015809132995 -0.025945079045664975 0.025945079045664975 0.05189015809132995 0.1037803161826599 0.2075606323653198 0.4151212647306396 0.8302425294612792 1.6604850589225584 3.3209701178451168 6.6419402356902335 13.283880471380467 26.567760942760934 211.83896347639836 106.27104377104374 212.54208754208747 425.08417508417494 
-850.1683501683499 -425.08417508417494 -212.54208754208747 -106.27104377104374 -53.13552188552187 -26.567760942760934 -13.283880471380467 -6.6419402356902335 -3.3209701178451168 -1.6604850589225584 -0.8302425294612792 -0.4151212647306396 -0.2075606323653198 -0.1037803161826599 -0.05189015809132995 0.05189015809132995 0.1037803161826599 0.2075606323653198 0.4151212647306396 0.8302425294612792 1.6604850589225584 3.3209701178451168 6.6419402356902335 13.283880471380467 26.567760942760934 53.13552188552187 106.27104377104374 529.9489707238404 425.08417508417494 850.1683501683499 
-1700.3367003366998 -850.1683501683499 -425.08417508417494 -212.54208754208747 -106.27104377104374 -53.13552188552187 -26.567760942760934 -13.283880471380467 -6.6419402356902335 -3.3209701178451168 -1.6604850589225584 -0.8302425294612792 -0.4151212647306396 -0.2075606323653198 -0.1037803161826599 0.1037803161826599 0.2075606323653198 0.4151212647306396 0.8302425294612792 1.6604850589225584 3.3209701178451168 6.6419402356902335 13.283880471380467 26.567760942760934 53.13552188552187 106.27104377104374 212.54208754208747 425.08417508417494 1484.9821165318558 1700.3367003366998 
-3400.6734006733996 -1700.3367003366998 -850.1683501683499 -425.08417508417494 -212.54208754208747 -106.27104377104374 -53.13552188552187 -26.567760942760934 -13.283880471380467 -6.6419402356902335 -3.3209701178451168 -1.6604850589225584 -0.8302425294612792 -0.4151212647306396 -0.2075606323653198 0.2075606323653198 0.4151212647306396 0.8302425294612792 1.6604850589225584 3.3209701178451168 6.6419402356902335 13.283880471380467 26.567760942760934 53.13552188552187 106.27104377104374 212.54208754208747 425.08417508417494 850.1683501683499 1700.3367003366998 4670.300933400411 

