10243.514371512952 1700.3367003366998 850.1683501683499 425.08417508417494 212.54208754208747 106.27104377104374 53.13552188552187 26.567760942760934 -26.567760942760934 -53.13552188552187 -106.27104377104374 -212.54208754208747 -425.08417508417494 -850.1683501683499 -1700.3367003366998 -3400.6734006733996 
1700.3367003366998 4271.588835588126 425.08417508417494 212.54208754208747 106.27104377104374 53.13552188552187 26.567760942760934 13.283880471380467 -13.283880471380467 -26.567760942760934 -53.13552188552187 -106.27104377104374 -212.54208754208747 -425.08417508417494 -850.1683501683499 -1700.3367003366998 
850.1683501683499 425.08417508417494 1923.2523302519758 106.27104377104374 53.13552188552187 26.567760942760934 13.283880471380467 6.6419402356902335 -6.6419402356902335 -13.283880471380467 -26.567760942760934 -53.13552188552187 -106.27104377104374 -212.54208754208747 -425.08417508417494 -850.1683501683499 
425.08417508417494 212.54208754208747 106.27104377104374 908.4906432404659 26.567760942760934 13.283880471380467 6.6419402356902335 3.3209701178451168 -3.3209701178451168 -6.6419402356902335 -13.283880471380467 -26.567760942760934 -53.13552188552187 -106.27104377104374 -212.54208754208747 -425.08417508417494 
212.54208754208747 106.27104377104374 53.13552188552187 26.567760942760934 440.96144114885254 6.6419402356902335 3.3209701178451168 1.6604850589225584 -1.6604850589225584 -3.3209701178451168 -6.6419402356902335 -13.283880471380467 -26.567760942760934 -53.13552188552187 -106.27104377104374 -212.54208754208747 
106.27104377104374 53.13552188552187 26.567760942760934 13.283880471380467 6.6419402356902335 217.15975045658115 1.6604850589225584 0.8302425294612792 -0.8302425294612792 -1.6604850589225584 -3.3209701178451168 -6.6419402356902335 -13.283880471380467 -26.567760942760934 -53.13552188552187 -106.27104377104374 
53.13552188552187 26.567760942760934 13.283880471380467 6.6419402356902335 3.3209701178451168 1.6604850589225584 107.74963269882929 0.4151212647306396 -0.4151212647306396 -0.8302425294612792 -1.6604850589225584 -3.3209701178451168 -6.6419402356902335 -13.283880471380467 -26.567760942760934 -53.13552188552187 
26.567760942760934 13.283880471380467 6.6419402356902335 3.3209701178451168 1.6604850589225584 0.8302425294612792 0.4151212647306396 53.66725571704933 -0.2075606323653198 -0.4151212647306396 -0.8302425294612792 -1.6604850589225584 -3.3209701178451168 -6.6419402356902335 -13.283880471380467 -26.567760942760934 
-26.567760942760934 -13.283880471380467 -6.6419402356902335 -3.3209701178451168 -1.6604850589225584 -0.8302425294612792 -0.4151212647306396 -0.2075606323653198 -53.252134452318685 0.4151212647306396 0.8302425294612792 1.6604850589225584 3.3209701178451168 6.6419402356902335 13.283880471380467 26.567760942760934 
-53.13552188552187 -26.567760942760934 -13.283880471380467 -6.6419402356902335 -3.3209701178451168 -1.6604850589225584 -0.8302425294612792 -0.4151212647306396 0.4151212647306396 -106.08914763990674 1.6604850589225584 3.3209701178451168 6.6419402356902335 13.283880471380467 26.567760942760934 53.13552188552187 
-106.27104377104374 -53.13552188552187 -26.567760942760934 -13.283880471380467 -6.6419402356902335 -3.3209701178451168 -1.6604850589225584 -0.8302425294612792 0.8302425294612792 1.6604850589225584 -210.5178102208909 6.6419402356902335 13.283880471380467 26.567760942760934 53.13552188552187 106.27104377104374 
-212.54208754208747 -106.27104377104374 -53.13552188552187 -26.567760942760934 -13.283880471380467 -6.6419402356902335 -3.3209701178451168 -1.6604850589225584 1.6604850589225584 3.3209701178451168 6.6419402356902335 -414.3936802060916 26.567760942760934 53.13552188552187 106.27104377104374 212.54208754208747 
-425.08417508417494 -212.54208754208747 -106.27104377104374 -53.13552188552187 -26.567760942760934 -13.283880471380467 -6.6419402356902335 -3.3209701178451168 3.3209701178451168 6.6419402356902335 13.283880471380467 26.567760942760934 -802.2195994694223 106.27104377104374 212.54208754208747 425.08417508417494 
-850.1683501683499 -425.08417508417494 -212.54208754208747 -106.27104377104374 -53.13552188552187 -26.567760942760934 -13.283880471380467 -6.6419402356902335 6.6419402356902335 13.283880471380467 26.567760942760934 53.13552188552187 106.27104377104374 -1498.1681551678007 425.08417508417494 850.1683501683499 
-1700.3367003366998 -850.1683501683499 -425.08417508417494 -212.54208754208747 -106.27104377104374 -53.13552188552187 -26.567760942760934 -13.283880471380467 13.283880471380467 26.567760942760934 53.13552188552187 106.27104377104374 212.54208754208747 425.08417508417494 -2571.252135251427 1700.3367003366998 
-3400.6734006733996 -1700.3367003366998 -850.1683501683499 -425.08417508417494 -212.54208754208747 -106.27104377104374 -53.13552188552187 -26.567760942760934 26.567760942760934 53.13552188552187 106.27104377104374 212.54208754208747 425.08417508417494 850.1683501683499 1700.3367003366998 -3442.1675701661534 

