6163.534929064017 1700.3367003366998 850.1683501683499 425.08417508417494 212.54208754208747 106.27104377104374 53.13552188552187 26.567760942760934 13.283880471380467 -13.283880471380467 -26.567760942760934 -53.13552188552187 -106.27104377104374 -212.54208754208747 -425.08417508417494 -850.1683501683499 -1700.3367003366998 -3400.6734006733996 
1700.3367003366998 2231.5991143636584 425.08417508417494 212.54208754208747 106.27104377104374 53.13552188552187 26.567760942760934 13.283880471380467 6.6419402356902335 -6.6419402356902335 -13.283880471380467 -26.567760942760934 -53.13552188552187 -106.27104377104374 -212.54208754208747 -425.08417508417494 -850.1683501683499 -1700.3367003366998 
850.1683501683499 425.08417508417494 903.2574696397419 106.27104377104374 53.13552188552187 26.567760942760934 13.283880471380467 6.6419402356902335 3.3209701178451168 -3.3209701178451168 -6.6419402356902335 -13.283880471380467 -26.567760942760934 -53.13552188552187 -106.27104377104374 -212.54208754208747 -425.08417508417494 -850.1683501683499 
425.08417508417494 212.54208754208747 106.27104377104374 398.49321293434906 26.567760942760934 13.283880471380467 6.6419402356902335 3.3209701178451168 1.6604850589225584 -1.6604850589225584 -3.3209701178451168 -6.6419402356902335 -13.283880471380467 -26.567760942760934 -53.13552188552187 -106.27104377104374 -212.54208754208747 -425.08417508417494 
212.54208754208747 106.27104377104374 53.13552188552187 26.567760942760934 185.96272599579405 6.6419402356902335 3.3209701178451168 1.6604850589225584 0.8302425294612792 -0.8302425294612792 -1.6604850589225584 -3.3209701178451168 -6.6419402356902335 -13.283880471380467 -26.567760942760934 -53.13552188552187 -106.27104377104374 -212.54208754208747 
106.27104377104374 53.13552188552187 26.567760942760934 13.283880471380467 6.6419402356902335 89.66039288005192 1.6604850589225584 0.8302425294612792 0.4151212647306396 -0.4151212647306396 -0.8302425294612792 -1.6604850589225584 -3.3209701178451168 -6.6419402356902335 -13.283880471380467 -26.567760942760934 -53.13552188552187 -106.27104377104374 
53.13552188552187 26.567760942760934 13.283880471380467 6.6419402356902335 3.3209701178451168 1.6604850589225584 43.99995391056468 0.4151212647306396 0.2075606323653198 -0.2075606323653198 -0.4151212647306396 -0.8302425294612792 -1.6604850589225584 -3.3209701178451168 -6.6419402356902335 -13.283880471380467 -26.567760942760934 -53.13552188552187 
26.567760942760934 13.283880471380467 6.6419402356902335 3.3209701178451168 1.6604850589225584 0.8302425294612792 0.4151212647306396 21.792416322917017 0.1037803161826599 -0.1037803161826599 -0.2075606323653198 -0.4151212647306396 -0.8302425294612792 -1.6604850589225584 -3.3209701178451168 -6.6419402356902335 -13.283880471380467 -26.567760942760934 
13.283880471380467 6.6419402356902335 3.3209701178451168 1.6604850589225584 0.8302425294612792 0.4151212647306396 0.2075606323653198 0.1037803161826599 10.84431800336718 -0.05189015809132995 -0.1037803161826599 -0.2075606323653198 -0.4151212647306396 -0.8302425294612792 -1.6604850589225584 -3.3209701178451168 -6.6419402356902335 -13.283880471380467 
-13.283880471380467 -6.6419402356902335 -3.3209701178451168 -1.6604850589225584 -0.8302425294612792 -0.4151212647306396 -0.2075606323653198 -0.1037803161826599 -0.05189015809132995 -10.740537687184519 0.1037803161826599 0.2075606323653198 0.4151212647306396 0.8302425294612792 1.6604850589225584 3.3209701178451168 6.6419402356902335 13.283880471380467 
-26.567760942760934 -13.283880471380467 -6.6419402356902335 -3.3209701178451168 -1.6604850589225584 -0.8302425294612792 -0.4151212647306396 -0.2075606323653198 -0.1037803161826599 0.1037803161826599 -21.37729505818638 0.4151212647306396 0.8302425294612792 1.6604850589225584 3.3209701178451168 6.6419402356902335 13.283880471380467 26.567760942760934 
-53.13552188552187 -26.567760942760934 -13.283880471380467 -6.6419402356902335 -3.3209701178451168 -1.6604850589225584 -0.8302425294612792 -0.4151212647306396 -0.2075606323653198 0.2075606323653198 0.4151212647306396 -42.33946885164212 1.6604850589225584 3.3209701178451168 6.6419402356902335 13.283880471380467 26.567760942760934 53.13552188552187 
-106.27104377104374 -53.13552188552187 -26.567760942760934 -13.283880471380467 -6.6419402356902335 -3.3209701178451168 -1.6604850589225584 -0.8302425294612792 -0.4151212647306396 0.4151212647306396 0.8302425294612792 1.6604850589225584 -83.01845264436167 6.6419402356902335 13.283880471380467 26.567760942760934 53.13552188552187 106.27104377104374 
-212.54208754208747 -106.27104377104374 -53.13552188552187 -26.567760942760934 -13.283880471380467 -6.6419402356902335 -3.3209701178451168 -1.6604850589225584 -0.8302425294612792 0.8302425294612792 1.6604850589225584 3.3209701178451168 6.6419402356902335 -159.39496505303313 26.567760942760934 53.13552188552187 106.27104377104374 212.54208754208747 
-425.08417508417494 -212.54208754208747 -106.27104377104374 -53.13552188552187 -26.567760942760934 -13.283880471380467 -6.6419402356902335 -3.3209701178451168 -1.6604850589225584 1.6604850589225584 3.3209701178451168 6.6419402356902335 13.283880471380467 26.567760942760934 -292.2221691633053 106.27104377104374 212.54208754208747 425.08417508417494 
-850.1683501683499 -425.08417508417494 -212.54208754208747 -106.27104377104374 -53.13552188552187 -26.567760942760934 -13.283880471380467 -6.6419402356902335 -3.3209701178451168 3.3209701178451168 6.6419402356902335 13.283880471380467 26.567760942760934 53.13552188552187 106.27104377104374 -478.1732945555669 425.08417508417494 850.1683501683499 
-1700.3367003366998 -850.1683501683499 -425.08417508417494 -212.54208754208747 -106.27104377104374 -53.13552188552187 -26.567760942760934 -13.283880471380467 -6.6419402356902335 6.6419402356902335 13.283880471380467 26.567760942760934 53.13552188552187 106.27104377104374 212.54208754208747 425.08417508417494 -531.2624140269588 1700.3367003366998 
-3400.6734006733996 -1700.3367003366998 -850.1683501683499 -425.08417508417494 -212.54208754208747 -106.27104377104374 -53.13552188552187 -26.567760942760934 -13.283880471380467 13.283880471380467 26.567760942760934 53.13552188552187 106.27104377104374 212.54208754208747 425.08417508417494 850.1683501683499 1700.3367003366998 637.8118722827821 

