3308.8784524203224 1700.3367003366998 850.1683501683499 425.08417508417494 212.54208754208747 106.27104377104374 53.13552188552187 26.567760942760934 13.283880471380467 6.6419402356902335 3.3209701178451168 1.6604850589225584 0.8302425294612792 -0.8302425294612792 -1.6604850589225584 -3.3209701178451168 -6.6419402356902335 -13.283880471380467 -26.567760942760934 -53.13552188552187 -106.27104377104374 -212.54208754208747 -425.08417508417494 -850.1683501683499 -1700.3367003366998 -3400.6734006733996 
1700.3367003366998 804.2708760418112 425.08417508417494 212.54208754208747 106.27104377104374 53.13552188552187 26.567760942760934 13.283880471380467 6.6419402356902335 3.3209701178451168 1.6604850589225584 0.8302425294612792 0.4151212647306396 -0.4151212647306396 -0.8302425294612792 -1.6604850589225584 -3.3209701178451168 -6.6419402356902335 -13.283880471380467 -26.567760942760934 -53.13552188552187 -106.27104377104374 -212.54208754208747 -425.08417508417494 -850.1683501683499 -1700.3367003366998 
850.1683501683499 425.08417508417494 189.59335047881814 106.27104377104374 53.13552188552187 26.567760942760934 13.283880471380467 6.6419402356902335 3.3209701178451168 1.6604850589225584 0.8302425294612792 0.4151212647306396 0.2075606323653198 -0.2075606323653198 -0.4151212647306396 -0.8302425294612792 -1.6604850589225584 -3.3209701178451168 -6.6419402356902335 -13.283880471380467 -26.567760942760934 -53.13552188552187 -106.27104377104374 -212.54208754208747 -425.08417508417494 -850.1683501683499 
425.08417508417494 212.54208754208747 106.27104377104374 41.66115335388721 26.567760942760934 13.283880471380467 6.6419402356902335 3.3209701178451168 1.6604850589225584 0.8302425294612792 0.4151212647306396 0.2075606323653198 0.1037803161826599 -0.1037803161826599 -0.2075606323653198 -0.4151212647306396 -0.8302425294612792 -1.6604850589225584 -3.3209701178451168 -6.6419402356902335 -13.283880471380467 -26.567760942760934 -53.13552188552187 -106.27104377104374 -212.54208754208747 -425.08417508417494 
212.54208754208747 106.27104377104374 53.13552188552187 26.567760942760934 7.546696205563137 6.6419402356902335 3.3209701178451168 1.6604850589225584 0.8302425294612792 0.4151212647306396 0.2075606323653198 0.1037803161826599 0.05189015809132995 -0.05189015809132995 -0.1037803161826599 -0.2075606323653198 -0.4151212647306396 -0.8302425294612792 -1.6604850589225584 -3.3209701178451168 -6.6419402356902335 -13.283880471380467 -26.567760942760934 -53.13552188552187 -106.27104377104374 -212.54208754208747 
106.27104377104374 53.13552188552187 26.567760942760934 13.283880471380467 6.6419402356902335 0.45237798493645176 1.6604850589225584 0.8302425294612792 0.4151212647306396 0.2075606323653198 0.1037803161826599 0.05189015809132995 0.025945079045664975 -0.025945079045664975 -0.05189015809132995 -0.1037803161826599 -0.2075606323653198 -0.4151212647306396 -0.8302425294612792 -1.6604850589225584 -3.3209701178451168 -6.6419402356902335 -13.283880471380467 -26.567760942760934 -53.13552188552187 -106.27104377104374 
53.13552188552187 26.567760942760934 13.283880471380467 6.6419402356902335 3.3209701178451168 1.6604850589225584 -0.6040535369930533 0.4151212647306396 0.2075606323653198 0.1037803161826599 0.05189015809132995 0.025945079045664975 0.012972539522832487 -0.012972539522832487 -0.025945079045664975 -0.05189015809132995 -0.1037803161826599 -0.2075606323653198 -0.4151212647306396 -0.8302425294612792 -1.6604850589225584 -3.3209701178451168 -6.6419402356902335 -13.283880471380467 -26.567760942760934 -53.13552188552187 
26.567760942760934 13.283880471380467 6.6419402356902335 3.3209701178451168 1.6604850589225584 0.8302425294612792 0.4151212647306396 -0.5095874008618464 0.1037803161826599 0.05189015809132995 0.025945079045664975 0.012972539522832487 0.006486269761416244 -0.006486269761416244 -0.012972539522832487 -0.025945079045664975 -0.05189015809132995 -0.1037803161826599 -0.2075606323653198 -0.4151212647306396 -0.8302425294612792 -1.6604850589225584 -3.3209701178451168 -6.6419402356902335 -13.283880471380467 -26.567760942760934 
13.283880471380467 6.6419402356902335 3.3209701178451168 1.6604850589225584 0.8302425294612792 0.4151212647306396 0.2075606323653198 0.1037803161826599 -0.30668385852225316 0.025945079045664975 0.012972539522832487 0.006486269761416244 0.003243134880708122 -0.003243134880708122 -0.006486269761416244 -0.012972539522832487 -0.025945079045664975 -0.05189015809132995 -0.1037803161826599 -0.2075606323653198 -0.4151212647306396 -0.8302425294612792 -1.6604850589225584 -3.3209701178451168 -6.6419402356902335 -13.283880471380467 
6.6419402356902335 3.3209701178451168 1.6604850589225584 0.8302425294612792 0.4151212647306396 0.2075606323653198 0.1037803161826599 0.05189015809132995 0.025945079045664975 -0.16631446878395909 0.006486269761416244 0.003243134880708122 0.001621567440354061 -0.001621567440354061 -0.003243134880708122 -0.006486269761416244 -0.012972539522832487 -0.025945079045664975 -0.05189015809132995 -0.1037803161826599 -0.2075606323653198 -0.4151212647306396 -0.8302425294612792 -1.6604850589225584 -3.3209701178451168 -6.6419402356902335 
3.3209701178451168 1.6604850589225584 0.8302425294612792 0.4151212647306396 0.2075606323653198 0.1037803161826599 0.05189015809132995 0.025945079045664975 0.012972539522832487 0.006486269761416244 -0.08640036927268765 0.001621567440354061 0.0008107837201770305 -0.0008107837201770305 -0.001621567440354061 -0.003243134880708122 -0.006486269761416244 -0.012972539522832487 -0.025945079045664975 -0.05189015809132995 -0.1037803161826599 -0.2075606323653198 -0.4151212647306396 -0.8302425294612792 -1.6604850589225584 -3.3209701178451168 
1.6604850589225584 0.8302425294612792 0.4151212647306396 0.2075606323653198 0.1037803161826599 0.05189015809132995 0.025945079045664975 0.012972539522832487 0.006486269761416244 0.003243134880708122 0.001621567440354061 -0.04401096835652086 0.00040539186008851523 -0.00040539186008851523 -0.0008107837201770305 -0.001621567440354061 -0.003243134880708122 -0.006486269761416244 -0.012972539522832487 -0.025945079045664975 -0.05189015809132995 -0.1037803161826599 -0.2075606323653198 -0.4151212647306396 -0.8302425294612792 -1.6604850589225584 
0.8302425294612792 0.4151212647306396 0.2075606323653198 0.1037803161826599 0.05189015809132995 0.025945079045664975 0.012972539522832487 0.006486269761416244 0.003243134880708122 0.001621567440354061 0.0008107837201770305 0.00040539186008851523 -0.02220818010830469 -0.00020269593004425761 -0.00040539186008851523 -0.0008107837201770305 -0.001621567440354061 -0.003243134880708122 -0.006486269761416244 -0.012972539522832487 -0.025945079045664975 -0.05189015809132995 -0.1037803161826599 -0.2075606323653198 -0.4151212647306396 -0.8302425294612792 
-0.8302425294612792 -0.4151212647306396 -0.2075606323653198 -0.1037803161826599 -0.05189015809132995 -0.025945079045664975 -0.012972539522832487 -0.006486269761416244 -0.003243134880708122 -0.001621567440354061 -0.0008107837201770305 -0.00040539186008851523 -0.00020269593004425761 0.0226135719683932 0.00040539186008851523 0.0008107837201770305 0.001621567440354061 0.003243134880708122 0.006486269761416244 0.012972539522832487 0.025945079045664975 0.05189015809132995 0.1037803161826599 0.2075606323653198 0.4151212647306396 0.8302425294612792 
-1.6604850589225584 -0.8302425294612792 -0.4151212647306396 -0.2075606323653198 -0.1037803161826599 -0.05189015809132995 -0.025945079045664975 -0.012972539522832487 -0.006486269761416244 -0.003243134880708122 -0.001621567440354061 -0.0008107837201770305 -0.00040539186008851523 0.00040539186008851523 0.04563253579687492 0.001621567440354061 0.003243134880708122 0.006486269761416244 0.012972539522832487 0.025945079045664975 0.05189015809132995 0.1037803161826599 0.2075606323653198 0.4151212647306396 0.8302425294612792 1.6604850589225584 
-3.3209701178451168 -1.6604850589225584 -0.8302425294612792 -0.4151212647306396 -0.2075606323653198 -0.1037803161826599 -0.05189015809132995 -0.025945079045664975 -0.012972539522832487 -0.006486269761416244 -0.003243134880708122 -0.001621567440354061 -0.0008107837201770305 0.0008107837201770305 0.001621567440354061 0.09288663903410391 0.006486269761416244 0.012972539522832487 0.025945079045664975 0.05189015809132995 0.1037803161826599 0.2075606323653198 0.4151212647306396 0.8302425294612792 1.6604850589225584 3.3209701178451168 
-6.6419402356902335 -3.3209701178451168 -1.6604850589225584 -0.8302425294612792 -0.4151212647306396 -0.2075606323653198 -0.1037803161826599 -0.05189015809132995 -0.025945079045664975 -0.012972539522832487 -0.006486269761416244 -0.003243134880708122 -0.001621567440354061 0.001621567440354061 0.003243134880708122 0.006486269761416244 0.19225954782962404 0.025945079045664975 0.05189015809132995 0.1037803161826599 0.2075606323653198 0.4151212647306396 0.8302425294612792 1.6604850589225584 3.3209701178451168 6.6419402356902335 
-13.283880471380467 -6.6419402356902335 -3.3209701178451168 -1.6604850589225584 -0.8302425294612792 -0.4151212647306396 -0.2075606323653198 -0.1037803161826599 -0.05189015809132995 -0.025945079045664975 -0.012972539522832487 -0.006486269761416244 -0.003243134880708122 0.003243134880708122 0.006486269761416244 0.012972539522832487 0.025945079045664975 0.4104641747049131 0.1037803161826599 0.2075606323653198 0.4151212647306396 0.8302425294612792 1.6604850589225584 3.3209701178451168 6.6419402356902335 13.283880471380467 
-26.567760942760934 -13.283880471380467 -6.6419402356902335 -3.3209701178451168 -1.6604850589225584 -0.8302425294612792 -0.4151212647306396 -0.2075606323653198 -0.1037803161826599 -0.05189015809132995 -0.025945079045664975 -0.012972539522832487 -0.006486269761416244 0.006486269761416244 0.012972539522832487 0.025945079045664975 0.05189015809132995 0.1037803161826599 0.9247086655924861 0.4151212647306396 0.8302425294612792 1.6604850589225584 3.3209701178451168 6.6419402356902335 13.283880471380467 26.567760942760934 
-53.13552188552187 -26.567760942760934 -13.283880471380467 -6.6419402356902335 -3.3209701178451168 -1.6604850589225584 -0.8302425294612792 -0.4151212647306396 -0.2075606323653198 -0.1037803161826599 -0.05189015809132995 -0.025945079045664975 -0.012972539522832487 0.012972539522832487 0.025945079045664975 0.05189015809132995 0.1037803161826599 0.2075606323653198 0.4151212647306396 2.264538595915612 1.6604850589225584 3.3209701178451168 6.6419402356902335 13.283880471380467 26.567760942760934 53.13552188552187 
-106.27104377104374 -53.13552188552187 -26.567760942760934 -13.283880471380467 -6.6419402356902335 -3.3209701178451168 -1.6604850589225584 -0.8302425294612792 -0.4151212647306396 -0.2075606323653198 -0.1037803161826599 -0.05189015809132995 -0.025945079045664975 0.025945079045664975 0.05189015809132995 0.1037803161826599 0.2075606323653198 0.4151212647306396 0.8302425294612792 1.6604850589225584 6.189562250753782 6.6419402356902335 13.283880471380467 26.567760942760934 53.13552188552187 106.27104377104374 
-212.54208754208747 -106.27104377104374 -53.13552188552187 -26.567760942760934 -13.283880471380467 -6.6419402356902335 -3.3209701178451168 -1.6604850589225584 -0.8302425294612792 -0.4151212647306396 -0.2075606323653198 -0.1037803161826599 -0.05189015809132995 0.05189015809132995 0.1037803161826599 0.2075606323653198 0.4151212647306396 0.8302425294612792 1.6604850589225584 3.3209701178451168 6.6419402356902335 19.021064737197797 26.567760942760934 53.13552188552187 106.27104377104374 212.54208754208747 
-425.08417508417494 -212.54208754208747 -106.27104377104374 -53.13552188552187 -26.567760942760934 -13.283880471380467 -6.6419402356902335 -3.3209701178451168 -1.6604850589225584 -0.8302425294612792 -0.4151212647306396 -0.2075606323653198 -0.1037803161826599 0.1037803161826599 0.2075606323653198 0.4151212647306396 0.8302425294612792 1.6604850589225584 3.3209701178451168 6.6419402356902335 13.283880471380467 26.567760942760934 64.60989041715652 106.27104377104374 212.54208754208747 425.08417508417494 
-850.1683501683499 -425.08417508417494 -212.54208754208747 -106.27104377104374 -53.13552188552187 -26.567760942760934 -13.283880471380467 -6.6419402356902335 -3.3209701178451168 -1.6604850589225584 -0.8302425294612792 -0.4151212647306396 -0.2075606323653198 0.2075606323653198 0.4151212647306396 0.8302425294612792 1.6604850589225584 3.3209701178451168 6.6419402356902335 13.283880471380467 26.567760942760934 53.13552188552187 106.27104377104374 235.4908246053568 425.08417508417494 850.1683501683499 
-1700.3367003366998 -850.1683501683499 -425.08417508417494 -212.54208754208747 -106.27104377104374 -53.13552188552187 -26.567760942760934 -13.283880471380467 -6.6419402356902335 -3.3209701178451168 -1.6604850589225584 -0.8302425294612792 -0.4151212647306396 0.4151212647306396 0.8302425294612792 1.6604850589225584 3.3209701178451168 6.6419402356902335 13.283880471380467 26.567760942760934 53.13552188552187 106.27104377104374 212.54208754208747 425.08417508417494 896.0658242948886 1700.3367003366998 
-3400.6734006733996 -1700.3367003366998 -850.1683501683499 -425.08417508417494 -212.54208754208747 -106.27104377104374 -53.13552188552187 -26.567760942760934 -13.283880471380467 -6.6419402356902335 -3.3209701178451168 -1.6604850589225584 -0.8302425294612792 0.8302425294612792 1.6604850589225584 3.3209701178451168 6.6419402356902335 13.283880471380467 26.567760942760934 53.13552188552187 106.27104377104374 212.54208754208747 425.08417508417494 850.1683501683499 1700.3367003366998 3492.4683489264767 

