8684.502004950373 1700.3367003366998 850.1683501683499 425.08417508417494 212.54208754208747 106.27104377104374 53.13552188552187 26.567760942760934 13.283880471380467 6.6419402356902335 3.3209701178451168 -3.3209701178451168 -6.6419402356902335 -13.283880471380467 -26.567760942760934 -53.13552188552187 -106.27104377104374 -212.54208754208747 -425.08417508417494 -850.1683501683499 -1700.3367003366998 -3400.6734006733996 
1700.3367003366998 3492.082652306837 425.08417508417494 212.54208754208747 106.27104377104374 53.13552188552187 26.567760942760934 13.283880471380467 6.6419402356902335 3.3209701178451168 1.6604850589225584 -1.6604850589225584 -3.3209701178451168 -6.6419402356902335 -13.283880471380467 -26.567760942760934 -53.13552188552187 -106.27104377104374 -212.54208754208747 -425.08417508417494 -850.1683501683499 -1700.3367003366998 
850.1683501683499 425.08417508417494 1533.499238611331 106.27104377104374 53.13552188552187 26.567760942760934 13.283880471380467 6.6419402356902335 3.3209701178451168 1.6604850589225584 0.8302425294612792 -0.8302425294612792 -1.6604850589225584 -3.3209701178451168 -6.6419402356902335 -13.283880471380467 -26.567760942760934 -53.13552188552187 -106.27104377104374 -212.54208754208747 -425.08417508417494 -850.1683501683499 
425.08417508417494 212.54208754208747 106.27104377104374 713.6140974201436 26.567760942760934 13.283880471380467 6.6419402356902335 3.3209701178451168 1.6604850589225584 0.8302425294612792 0.4151212647306396 -0.4151212647306396 -0.8302425294612792 -1.6604850589225584 -3.3209701178451168 -6.6419402356902335 -13.283880471380467 -26.567760942760934 -53.13552188552187 -106.27104377104374 -212.54208754208747 -425.08417508417494 
212.54208754208747 106.27104377104374 53.13552188552187 26.567760942760934 343.52316823869137 6.6419402356902335 3.3209701178451168 1.6604850589225584 0.8302425294612792 0.4151212647306396 0.2075606323653198 -0.2075606323653198 -0.4151212647306396 -0.8302425294612792 -1.6604850589225584 -3.3209701178451168 -6.6419402356902335 -13.283880471380467 -26.567760942760934 -53.13552188552187 -106.27104377104374 -212.54208754208747 
106.27104377104374 53.13552188552187 26.567760942760934 13.283880471380467 6.6419402356902335 168.44061400150056 1.6604850589225584 0.8302425294612792 0.4151212647306396 0.2075606323653198 0.1037803161826599 -0.1037803161826599 -0.2075606323653198 -0.4151212647306396 -0.8302425294612792 -1.6604850589225584 -3.3209701178451168 -6.6419402356902335 -13.283880471380467 -26.567760942760934 -53.13552188552187 -106.27104377104374 
53.13552188552187 26.567760942760934 13.283880471380467 6.6419402356902335 3.3209701178451168 1.6604850589225584 83.390064471289 0.4151212647306396 0.2075606323653198 0.1037803161826599 0.05189015809132995 -0.05189015809132995 -0.1037803161826599 -0.2075606323653198 -0.4151212647306396 -0.8302425294612792 -1.6604850589225584 -3.3209701178451168 -6.6419402356902335 -13.283880471380467 -26.567760942760934 -53.13552188552187 
26.567760942760934 13.283880471380467 6.6419402356902335 3.3209701178451168 1.6604850589225584 0.8302425294612792 0.4151212647306396 41.48747160327918 0.1037803161826599 0.05189015809132995 0.025945079045664975 -0.025945079045664975 -0.05189015809132995 -0.1037803161826599 -0.2075606323653198 -0.4151212647306396 -0.8302425294612792 -1.6604850589225584 -3.3209701178451168 -6.6419402356902335 -13.283880471380467 -26.567760942760934 
13.283880471380467 6.6419402356902335 3.3209701178451168 1.6604850589225584 0.8302425294612792 0.4151212647306396 0.2075606323653198 0.1037803161826599 20.69184564354826 0.025945079045664975 0.012972539522832487 -0.012972539522832487 -0.025945079045664975 -0.05189015809132995 -0.1037803161826599 -0.2075606323653198 -0.4151212647306396 -0.8302425294612792 -1.6604850589225584 -3.3209701178451168 -6.6419402356902335 -13.283880471380467 
6.6419402356902335 3.3209701178451168 1.6604850589225584 0.8302425294612792 0.4151212647306396 0.2075606323653198 0.1037803161826599 0.05189015809132995 0.025945079045664975 10.332950282251298 0.006486269761416244 -0.006486269761416244 -0.012972539522832487 -0.025945079045664975 -0.05189015809132995 -0.1037803161826599 -0.2075606323653198 -0.4151212647306396 -0.8302425294612792 -1.6604850589225584 -3.3209701178451168 -6.6419402356902335 
3.3209701178451168 1.6604850589225584 0.8302425294612792 0.4151212647306396 0.2075606323653198 0.1037803161826599 0.05189015809132995 0.025945079045664975 0.012972539522832487 0.006486269761416244 5.16323200624494 -0.003243134880708122 -0.006486269761416244 -0.012972539522832487 -0.025945079045664975 -0.05189015809132995 -0.1037803161826599 -0.2075606323653198 -0.4151212647306396 -0.8302425294612792 -1.6604850589225584 -3.3209701178451168 
-3.3209701178451168 -1.6604850589225584 -0.8302425294612792 -0.4151212647306396 -0.2075606323653198 -0.1037803161826599 -0.05189015809132995 -0.025945079045664975 -0.012972539522832487 -0.006486269761416244 -0.003243134880708122 -5.156745736483525 0.006486269761416244 0.012972539522832487 0.025945079045664975 0.05189015809132995 0.1037803161826599 0.2075606323653198 0.4151212647306396 0.8302425294612792 1.6604850589225584 3.3209701178451168 
-6.6419402356902335 -3.3209701178451168 -1.6604850589225584 -0.8302425294612792 -0.4151212647306396 -0.2075606323653198 -0.1037803161826599 -0.05189015809132995 -0.025945079045664975 -0.012972539522832487 -0.006486269761416244 0.006486269761416244 -10.307005203205632 0.025945079045664975 0.05189015809132995 0.1037803161826599 0.2075606323653198 0.4151212647306396 0.8302425294612792 1.6604850589225584 3.3209701178451168 6.6419402356902335 
-13.283880471380467 -6.6419402356902335 -3.3209701178451168 -1.6604850589225584 -0.8302425294612792 -0.4151212647306396 -0.2075606323653198 -0.1037803161826599 -0.05189015809132995 -0.025945079045664975 -0.012972539522832487 0.012972539522832487 0.025945079045664975 -20.5880653273656 0.1037803161826599 0.2075606323653198 0.4151212647306396 0.8302425294612792 1.6604850589225584 3.3209701178451168 6.6419402356902335 13.283880471380467 
-26.567760942760934 -13.283880471380467 -6.6419402356902335 -3.3209701178451168 -1.6604850589225584 -0.8302425294612792 -0.4151212647306396 -0.2075606323653198 -0.1037803161826599 -0.05189015809132995 -0.025945079045664975 0.025945079045664975 0.05189015809132995 0.1037803161826599 -41.07235033854854 0.4151212647306396 0.8302425294612792 1.6604850589225584 3.3209701178451168 6.6419402356902335 13.283880471380467 26.567760942760934 
-53.13552188552187 -26.567760942760934 -13.283880471380467 -6.6419402356902335 -3.3209701178451168 -1.6604850589225584 -0.8302425294612792 -0.4151212647306396 -0.2075606323653198 -0.1037803161826599 -0.05189015809132995 0.05189015809132995 0.1037803161826599 0.2075606323653198 0.4151212647306396 -81.72957941236645 1.6604850589225584 3.3209701178451168 6.6419402356902335 13.283880471380467 26.567760942760934 53.13552188552187 
-106.27104377104374 -53.13552188552187 -26.567760942760934 -13.283880471380467 -6.6419402356902335 -3.3209701178451168 -1.6604850589225584 -0.8302425294612792 -0.4151212647306396 -0.2075606323653198 -0.1037803161826599 0.1037803161826599 0.2075606323653198 0.4151212647306396 0.8302425294612792 1.6604850589225584 -161.79867376581032 6.6419402356902335 13.283880471380467 26.567760942760934 53.13552188552187 106.27104377104374 
-212.54208754208747 -106.27104377104374 -53.13552188552187 -26.567760942760934 -13.283880471380467 -6.6419402356902335 -3.3209701178451168 -1.6604850589225584 -0.8302425294612792 -0.4151212647306396 -0.2075606323653198 0.2075606323653198 0.4151212647306396 0.8302425294612792 1.6604850589225584 3.3209701178451168 6.6419402356902335 -316.9554072959304 26.567760942760934 53.13552188552187 106.27104377104374 212.54208754208747 
-425.08417508417494 -212.54208754208747 -106.27104377104374 -53.13552188552187 -26.567760942760934 -13.283880471380467 -6.6419402356902335 -3.3209701178451168 -1.6604850589225584 -0.8302425294612792 -0.4151212647306396 0.4151212647306396 0.8302425294612792 1.6604850589225584 3.3209701178451168 6.6419402356902335 13.283880471380467 26.567760942760934 -607.3430536490999 106.27104377104374 212.54208754208747 425.08417508417494 
-850.1683501683499 -425.08417508417494 -212.54208754208747 -106.27104377104374 -53.13552188552187 -26.567760942760934 -13.283880471380467 -6.6419402356902335 -3.3209701178451168 -1.6604850589225584 -0.8302425294612792 0.8302425294612792 1.6604850589225584 3.3209701178451168 6.6419402356902335 13.283880471380467 26.567760942760934 53.13552188552187 106.27104377104374 -1108.415063527156 425.08417508417494 850.1683501683499 
-1700.3367003366998 -850.1683501683499 -425.08417508417494 -212.54208754208747 -106.27104377104374 -53.13552188552187 -26.567760942760934 -13.283880471380467 -6.6419402356902335 -3.3209701178451168 -1.6604850589225584 1.6604850589225584 3.3209701178451168 6.6419402356902335 13.283880471380467 26.567760942760934 53.13552188552187 106.27104377104374 212.54208754208747 425.08417508417494 -1791.7459519701372 1700.3367003366998 
-3400.6734006733996 -1700.3367003366998 -850.1683501683499 -425.08417508417494 -212.54208754208747 -106.27104377104374 -53.13552188552187 -26.567760942760934 -13.283880471380467 -6.6419402356902335 -3.3209701178451168 3.3209701178451168 6.6419402356902335 13.283880471380467 26.567760942760934 53.13552188552187 106.27104377104374 212.54208754208747 425.08417508417494 850.1683501683499 1700.3367003366998 -1883.1552036035746 

