-828.7897788510554 1700.3367003366998 850.1683501683499 425.08417508417494 212.54208754208747 106.27104377104374 53.13552188552187 26.567760942760934 13.283880471380467 6.6419402356902335 3.3209701178451168 1.6604850589225584 0.8302425294612792 0.4151212647306396 0.2075606323653198 0.1037803161826599 0.05189015809132995 0.025945079045664975 0.012972539522832487 0.006486269761416244 0.003243134880708122 0.001621567440354061 0.0008107837201770305 0.00040539186008851523 0.00020269593004425761 0.00010134796502212881 5.0673982511064404e-05 2.5336991255532202e-05 1.2668495627766101e-05 6.3342478138830504e-06 3.1671239069415252e-06 1.5835619534707626e-06 7.917809767353813e-07 3.9589048836769065e-07 1.9794524418384533e-07 9.897262209192266e-08 4.948631104596133e-08 2.4743155522980666e-08 1.2371577761490333e-08 6.1857888807451665e-09 3.0928944403725832e-09 1.5464472201862916e-09 7.732236100931458e-10 3.866118050465729e-10 1.9330590252328645e-10 -1.9330590252328645e-10 -3.866118050465729e-10 -7.732236100931458e-10 -1.5464472201862916e-09 -3.0928944403725832e-09 -6.1857888807451665e-09 -1.2371577761490333e-08 -2.4743155522980666e-08 -4.948631104596133e-08 -9.897262209192266e-08 -1.9794524418384533e-07 -3.9589048836769065e-07 -7.917809767353813e-07 -1.5835619534707626e-06 -3.1671239069415252e-06 -6.3342478138830504e-06 -1.2668495627766101e-05 -2.5336991255532202e-05 -5.0673982511064404e-05 -0.00010134796502212881 -0.00020269593004425761 -0.00040539186008851523 -0.0008107837201770305 -0.001621567440354061 -0.003243134880708122 -0.006486269761416244 -0.012972539522832487 -0.025945079045664975 -0.05189015809132995 -0.1037803161826599 -0.2075606323653198 -0.4151212647306396 -0.8302425294612792 -1.6604850589225584 -3.3209701178451168 -6.6419402356902335 -13.283880471380467 -26.567760942760934 -53.13552188552187 -106.27104377104374 -212.54208754208747 -425.08417508417494 -850.1683501683499 -1700.3367003366998 -3400.6734006733996 
1700.3367003366998 -1264.5632395938776 425.08417508417494 212.54208754208747 106.27104377104374 53.13552188552187 26.567760942760934 13.283880471380467 6.6419402356902335 3.3209701178451168 1.6604850589225584 0.8302425294612792 0.4151212647306396 0.2075606323653198 0.1037803161826599 0.05189015809132995 0.025945079045664975 0.012972539522832487 0.006486269761416244 0.003243134880708122 0.001621567440354061 0.0008107837201770305 0.00040539186008851523 0.00020269593004425761 0.00010134796502212881 5.0673982511064404e-05 2.5336991255532202e-05 1.2668495627766101e-05 6.3342478138830504e-06 3.1671239069415252e-06 1.5835619534707626e-06 7.917809767353813e-07 3.9589048836769065e-07 1.9794524418384533e-07 9.897262209192266e-08 4.948631104596133e-08 2.4743155522980666e-08 1.2371577761490333e-08 6.1857888807451665e-09 3.0928944403725832e-09 1.5464472201862916e-09 7.732236100931458e-10 3.866118050465729e-10 1.9330590252328645e-10 9.665295126164323e-11 -9.665295126164323e-11 -1.9330590252328645e-10 -3.866118050465729e-10 -7.732236100931458e-10 -1.5464472201862916e-09 -3.0928944403725832e-09 -6.1857888807451665e-09 -1.2371577761490333e-08 -2.4743155522980666e-08 -4.948631104596133e-08 -9.897262209192266e-08 -1.9794524418384533e-07 -3.9589048836769065e-07 -7.917809767353813e-07 -1.5835619534707626e-06 -3.1671239069415252e-06 -6.3342478138830504e-06 -1.2668495627766101e-05 -2.5336991255532202e-05 -5.0673982511064404e-05 -0.00010134796502212881 -0.00020269593004425761 -0.00040539186008851523 -0.0008107837201770305 -0.001621567440354061 -0.003243134880708122 -0.006486269761416244 -0.012972539522832487 -0.025945079045664975 -0.05189015809132995 -0.1037803161826599 -0.2075606323653198 -0.4151212647306396 -0.8302425294612792 -1.6604850589225584 -3.3209701178451168 -6.6419402356902335 -13.283880471380467 -26.567760942760934 -53.13552188552187 -106.27104377104374 -212.54208754208747 -425.08417508417494 -850.1683501683499 -1700.3367003366998 
850.1683501683499 425.08417508417494 -844.8237073390262 106.27104377104374 53.13552188552187 26.567760942760934 13.283880471380467 6.6419402356902335 3.3209701178451168 1.6604850589225584 0.8302425294612792 0.4151212647306396 0.2075606323653198 0.1037803161826599 0.05189015809132995 0.025945079045664975 0.012972539522832487 0.006486269761416244 0.003243134880708122 0.001621567440354061 0.0008107837201770305 0.00040539186008851523 0.00020269593004425761 0.00010134796502212881 5.0673982511064404e-05 2.5336991255532202e-05 1.2668495627766101e-05 6.3342478138830504e-06 3.1671239069415252e-06 1.5835619534707626e-06 7.917809767353813e-07 3.9589048836769065e-07 1.9794524418384533e-07 9.897262209192266e-08 4.948631104596133e-08 2.4743155522980666e-08 1.2371577761490333e-08 6.1857888807451665e-09 3.0928944403725832e-09 1.5464472201862916e-09 7.732236100931458e-10 3.866118050465729e-10 1.9330590252328645e-10 9.665295126164323e-11 4.832647563082161e-11 -4.832647563082161e-11 -9.665295126164323e-11 -1.9330590252328645e-10 -3.866118050465729e-10 -7.732236100931458e-10 -1.5464472201862916e-09 -3.0928944403725832e-09 -6.1857888807451665e-09 -1.2371577761490333e-08 -2.4743155522980666e-08 -4.948631104596133e-08 -9.897262209192266e-08 -1.9794524418384533e-07 -3.9589048836769065e-07 -7.917809767353813e-07 -1.5835619534707626e-06 -3.1671239069415252e-06 -6.3342478138830504e-06 -1.2668495627766101e-05 -2.5336991255532202e-05 -5.0673982511064404e-05 -0.00010134796502212881 -0.00020269593004425761 -0.00040539186008851523 -0.0008107837201770305 -0.001621567440354061 -0.003243134880708122 -0.006486269761416244 -0.012972539522832487 -0.025945079045664975 -0.05189015809132995 -0.1037803161826599 -0.2075606323653198 -0.4151212647306396 -0.8302425294612792 -1.6604850589225584 -3.3209701178451168 -6.6419402356902335 -13.283880471380467 -26.567760942760934 -53.13552188552187 -106.27104377104374 -212.54208754208747 -425.08417508417494 -850.1683501683499 
425.08417508417494 212.54208754208747 106.27104377104374 -475.547375555035 26.567760942760934 13.283880471380467 6.6419402356902335 3.3209701178451168 1.6604850589225584 0.8302425294612792 0.4151212647306396 0.2075606323653198 0.1037803161826599 0.05189015809132995 0.025945079045664975 0.012972539522832487 0.006486269761416244 0.003243134880708122 0.001621567440354061 0.0008107837201770305 0.00040539186008851523 0.00020269593004425761 0.00010134796502212881 5.0673982511064404e-05 2.5336991255532202e-05 1.2668495627766101e-05 6.3342478138830504e-06 3.1671239069415252e-06 1.5835619534707626e-06 7.917809767353813e-07 3.9589048836769065e-07 1.9794524418384533e-07 9.897262209192266e-08 4.948631104596133e-08 2.4743155522980666e-08 1.2371577761490333e-08 6.1857888807451665e-09 3.0928944403725832e-09 1.5464472201862916e-09 7.732236100931458e-10 3.866118050465729e-10 1.9330590252328645e-10 9.665295126164323e-11 4.832647563082161e-11 2.4163237815410806e-11 -2.4163237815410806e-11 -4.832647563082161e-11 -9.665295126164323e-11 -1.9330590252328645e-10 -3.866118050465729e-10 -7.732236100931458e-10 -1.5464472201862916e-09 -3.0928944403725832e-09 -6.1857888807451665e-09 -1.2371577761490333e-08 -2.4743155522980666e-08 -4.948631104596133e-08 -9.897262209192266e-08 -1.9794524418384533e-07 -3.9589048836769065e-07 -7.917809767353813e-07 -1.5835619534707626e-06 -3.1671239069415252e-06 -6.3342478138830504e-06 -1.2668495627766101e-05 -2.5336991255532202e-05 -5.0673982511064404e-05 -0.00010134796502212881 -0.00020269593004425761 -0.00040539186008851523 -0.0008107837201770305 -0.001621567440354061 -0.003243134880708122 -0.006486269761416244 -0.012972539522832487 -0.025945079045664975 -0.05189015809132995 -0.1037803161826599 -0.2075606323653198 -0.4151212647306396 -0.8302425294612792 -1.6604850589225584 -3.3209701178451168 -6.6419402356902335 -13.283880471380467 -26.567760942760934 -53.13552188552187 -106.27104377104374 -212.54208754208747 -425.08417508417494 
212.54208754208747 106.27104377104374 53.13552188552187 26.567760942760934 -251.05756824889798 6.6419402356902335 3.3209701178451168 1.6604850589225584 0.8302425294612792 0.4151212647306396 0.2075606323653198 0.1037803161826599 0.05189015809132995 0.025945079045664975 0.012972539522832487 0.006486269761416244 0.003243134880708122 0.001621567440354061 0.0008107837201770305 0.00040539186008851523 0.00020269593004425761 0.00010134796502212881 5.0673982511064404e-05 2.5336991255532202e-05 1.2668495627766101e-05 6.3342478138830504e-06 3.1671239069415252e-06 1.5835619534707626e-06 7.917809767353813e-07 3.9589048836769065e-07 1.9794524418384533e-07 9.897262209192266e-08 4.948631104596133e-08 2.4743155522980666e-08 1.2371577761490333e-08 6.1857888807451665e-09 3.0928944403725832e-09 1.5464472201862916e-09 7.732236100931458e-10 3.866118050465729e-10 1.9330590252328645e-10 9.665295126164323e-11 4.832647563082161e-11 2.4163237815410806e-11 1.2081618907705403e-11 -1.2081618907705403e-11 -2.4163237815410806e-11 -4.832647563082161e-11 -9.665295126164323e-11 -1.9330590252328645e-10 -3.866118050465729e-10 -7.732236100931458e-10 -1.5464472201862916e-09 -3.0928944403725832e-09 -6.1857888807451665e-09 -1.2371577761490333e-08 -2.4743155522980666e-08 -4.948631104596133e-08 -9.897262209192266e-08 -1.9794524418384533e-07 -3.9589048836769065e-07 -7.917809767353813e-07 -1.5835619534707626e-06 -3.1671239069415252e-06 -6.3342478138830504e-06 -1.2668495627766101e-05 -2.5336991255532202e-05 -5.0673982511064404e-05 -0.00010134796502212881 -0.00020269593004425761 -0.00040539186008851523 -0.0008107837201770305 -0.001621567440354061 -0.003243134880708122 -0.006486269761416244 -0.012972539522832487 -0.025945079045664975 -0.05189015809132995 -0.1037803161826599 -0.2075606323653198 -0.4151212647306396 -0.8302425294612792 -1.6604850589225584 -3.3209701178451168 -6.6419402356902335 -13.283880471380467 -26.567760942760934 -53.13552188552187 -106.27104377104374 -212.54208754208747 
106.27104377104374 53.13552188552187 26.567760942760934 13.283880471380467 6.6419402356902335 -128.8497542422941 1.6604850589225584 0.8302425294612792 0.4151212647306396 0.2075606323653198 0.1037803161826599 0.05189015809132995 0.025945079045664975 0.012972539522832487 0.006486269761416244 0.003243134880708122 0.001621567440354061 0.0008107837201770305 0.00040539186008851523 0.00020269593004425761 0.00010134796502212881 5.0673982511064404e-05 2.5336991255532202e-05 1.2668495627766101e-05 6.3342478138830504e-06 3.1671239069415252e-06 1.5835619534707626e-06 7.917809767353813e-07 3.9589048836769065e-07 1.9794524418384533e-07 9.897262209192266e-08 4.948631104596133e-08 2.4743155522980666e-08 1.2371577761490333e-08 6.1857888807451665e-09 3.0928944403725832e-09 1.5464472201862916e-09 7.732236100931458e-10 3.866118050465729e-10 1.9330590252328645e-10 9.665295126164323e-11 4.832647563082161e-11 2.4163237815410806e-11 1.2081618907705403e-11 6.040809453852702e-12 -6.040809453852702e-12 -1.2081618907705403e-11 -2.4163237815410806e-11 -4.832647563082161e-11 -9.665295126164323e-11 -1.9330590252328645e-10 -3.866118050465729e-10 -7.732236100931458e-10 -1.5464472201862916e-09 -3.0928944403725832e-09 -6.1857888807451665e-09 -1.2371577761490333e-08 -2.4743155522980666e-08 -4.948631104596133e-08 -9.897262209192266e-08 -1.9794524418384533e-07 -3.9589048836769065e-07 -7.917809767353813e-07 -1.5835619534707626e-06 -3.1671239069415252e-06 -6.3342478138830504e-06 -1.2668495627766101e-05 -2.5336991255532202e-05 -5.0673982511064404e-05 -0.00010134796502212881 -0.00020269593004425761 -0.00040539186008851523 -0.0008107837201770305 -0.001621567440354061 -0.003243134880708122 -0.006486269761416244 -0.012972539522832487 -0.025945079045664975 -0.05189015809132995 -0.1037803161826599 -0.2075606323653198 -0.4151212647306396 -0.8302425294612792 -1.6604850589225584 -3.3209701178451168 -6.6419402356902335 -13.283880471380467 -26.567760942760934 -53.13552188552187 -106.27104377104374 
53.13552188552187 26.567760942760934 13.283880471380467 6.6419402356902335 3.3209701178451168 1.6604850589225584 -65.25511965060834 0.4151212647306396 0.2075606323653198 0.1037803161826599 0.05189015809132995 0.025945079045664975 0.012972539522832487 0.006486269761416244 0.003243134880708122 0.001621567440354061 0.0008107837201770305 0.00040539186008851523 0.00020269593004425761 0.00010134796502212881 5.0673982511064404e-05 2.5336991255532202e-05 1.2668495627766101e-05 6.3342478138830504e-06 3.1671239069415252e-06 1.5835619534707626e-06 7.917809767353813e-07 3.9589048836769065e-07 1.9794524418384533e-07 9.897262209192266e-08 4.948631104596133e-08 2.4743155522980666e-08 1.2371577761490333e-08 6.1857888807451665e-09 3.0928944403725832e-09 1.5464472201862916e-09 7.732236100931458e-10 3.866118050465729e-10 1.9330590252328645e-10 9.665295126164323e-11 4.832647563082161e-11 2.4163237815410806e-11 1.2081618907705403e-11 6.040809453852702e-12 3.020404726926351e-12 -3.020404726926351e-12 -6.040809453852702e-12 -1.2081618907705403e-11 -2.4163237815410806e-11 -4.832647563082161e-11 -9.665295126164323e-11 -1.9330590252328645e-10 -3.866118050465729e-10 -7.732236100931458e-10 -1.5464472201862916e-09 -3.0928944403725832e-09 -6.1857888807451665e-09 -1.2371577761490333e-08 -2.4743155522980666e-08 -4.948631104596133e-08 -9.897262209192266e-08 -1.9794524418384533e-07 -3.9589048836769065e-07 -7.917809767353813e-07 -1.5835619534707626e-06 -3.1671239069415252e-06 -6.3342478138830504e-06 -1.2668495627766101e-05 -2.5336991255532202e-05 -5.0673982511064404e-05 -0.00010134796502212881 -0.00020269593004425761 -0.00040539186008851523 -0.0008107837201770305 -0.001621567440354061 -0.003243134880708122 -0.006486269761416244 -0.012972539522832487 -0.025945079045664975 -0.05189015809132995 -0.1037803161826599 -0.2075606323653198 -0.4151212647306396 -0.8302425294612792 -1.6604850589225584 -3.3209701178451168 -6.6419402356902335 -13.283880471380467 -26.567760942760934 -53.13552188552187 
26.567760942760934 13.283880471380467 6.6419402356902335 3.3209701178451168 1.6604850589225584 0.8302425294612792 0.4151212647306396 -32.83512045766948 0.1037803161826599 0.05189015809132995 0.025945079045664975 0.012972539522832487 0.006486269761416244 0.003243134880708122 0.001621567440354061 0.0008107837201770305 0.00040539186008851523 0.00020269593004425761 0.00010134796502212881 5.0673982511064404e-05 2.5336991255532202e-05 1.2668495627766101e-05 6.3342478138830504e-06 3.1671239069415252e-06 1.5835619534707626e-06 7.917809767353813e-07 3.9589048836769065e-07 1.9794524418384533e-07 9.897262209192266e-08 4.948631104596133e-08 2.4743155522980666e-08 1.2371577761490333e-08 6.1857888807451665e-09 3.0928944403725832e-09 1.5464472201862916e-09 7.732236100931458e-10 3.866118050465729e-10 1.9330590252328645e-10 9.665295126164323e-11 4.832647563082161e-11 2.4163237815410806e-11 1.2081618907705403e-11 6.040809453852702e-12 3.020404726926351e-12 1.5102023634631754e-12 -1.5102023634631754e-12 -3.020404726926351e-12 -6.040809453852702e-12 -1.2081618907705403e-11 -2.4163237815410806e-11 -4.832647563082161e-11 -9.665295126164323e-11 -1.9330590252328645e-10 -3.866118050465729e-10 -7.732236100931458e-10 -1.5464472201862916e-09 -3.0928944403725832e-09 -6.1857888807451665e-09 -1.2371577761490333e-08 -2.4743155522980666e-08 -4.948631104596133e-08 -9.897262209192266e-08 -1.9794524418384533e-07 -3.9589048836769065e-07 -7.917809767353813e-07 -1.5835619534707626e-06 -3.1671239069415252e-06 -6.3342478138830504e-06 -1.2668495627766101e-05 -2.5336991255532202e-05 -5.0673982511064404e-05 -0.00010134796502212881 -0.00020269593004425761 -0.00040539186008851523 -0.0008107837201770305 -0.001621567440354061 -0.003243134880708122 -0.006486269761416244 -0.012972539522832487 -0.025945079045664975 -0.05189015809132995 -0.1037803161826599 -0.2075606323653198 -0.4151212647306396 -0.8302425294612792 -1.6604850589225584 -3.3209701178451168 -6.6419402356902335 -13.283880471380467 -26.567760942760934 
13.283880471380467 6.6419402356902335 3.3209701178451168 1.6604850589225584 0.8302425294612792 0.4151212647306396 0.2075606323653198 0.1037803161826599 -16.469450386926074 0.025945079045664975 0.012972539522832487 0.006486269761416244 0.003243134880708122 0.001621567440354061 0.0008107837201770305 0.00040539186008851523 0.00020269593004425761 0.00010134796502212881 5.0673982511064404e-05 2.5336991255532202e-05 1.2668495627766101e-05 6.3342478138830504e-06 3.1671239069415252e-06 1.5835619534707626e-06 7.917809767353813e-07 3.9589048836769065e-07 1.9794524418384533e-07 9.897262209192266e-08 4.948631104596133e-08 2.4743155522980666e-08 1.2371577761490333e-08 6.1857888807451665e-09 3.0928944403725832e-09 1.5464472201862916e-09 7.732236100931458e-10 3.866118050465729e-10 1.9330590252328645e-10 9.665295126164323e-11 4.832647563082161e-11 2.4163237815410806e-11 1.2081618907705403e-11 6.040809453852702e-12 3.020404726926351e-12 1.5102023634631754e-12 7.551011817315877e-13 -7.551011817315877e-13 -1.5102023634631754e-12 -3.020404726926351e-12 -6.040809453852702e-12 -1.2081618907705403e-11 -2.4163237815410806e-11 -4.832647563082161e-11 -9.665295126164323e-11 -1.9330590252328645e-10 -3.866118050465729e-10 -7.732236100931458e-10 -1.5464472201862916e-09 -3.0928944403725832e-09 -6.1857888807451665e-09 -1.2371577761490333e-08 -2.4743155522980666e-08 -4.948631104596133e-08 -9.897262209192266e-08 -1.9794524418384533e-07 -3.9589048836769065e-07 -7.917809767353813e-07 -1.5835619534707626e-06 -3.1671239069415252e-06 -6.3342478138830504e-06 -1.2668495627766101e-05 -2.5336991255532202e-05 -5.0673982511064404e-05 -0.00010134796502212881 -0.00020269593004425761 -0.00040539186008851523 -0.0008107837201770305 -0.001621567440354061 -0.003243134880708122 -0.006486269761416244 -0.012972539522832487 -0.025945079045664975 -0.05189015809132995 -0.1037803161826599 -0.2075606323653198 -0.4151212647306396 -0.8302425294612792 -1.6604850589225584 -3.3209701178451168 -6.6419402356902335 -13.283880471380467 
6.6419402356902335 3.3209701178451168 1.6604850589225584 0.8302425294612792 0.4151212647306396 0.2075606323653198 0.1037803161826599 0.05189015809132995 0.025945079045664975 -8.247697732985868 0.006486269761416244 0.003243134880708122 0.001621567440354061 0.0008107837201770305 0.00040539186008851523 0.00020269593004425761 0.00010134796502212881 5.0673982511064404e-05 2.5336991255532202e-05 1.2668495627766101e-05 6.3342478138830504e-06 3.1671239069415252e-06 1.5835619534707626e-06 7.917809767353813e-07 3.9589048836769065e-07 1.9794524418384533e-07 9.897262209192266e-08 4.948631104596133e-08 2.4743155522980666e-08 1.2371577761490333e-08 6.1857888807451665e-09 3.0928944403725832e-09 1.5464472201862916e-09 7.732236100931458e-10 3.866118050465729e-10 1.9330590252328645e-10 9.665295126164323e-11 4.832647563082161e-11 2.4163237815410806e-11 1.2081618907705403e-11 6.040809453852702e-12 3.020404726926351e-12 1.5102023634631754e-12 7.551011817315877e-13 3.7755059086579385e-13 -3.7755059086579385e-13 -7.551011817315877e-13 -1.5102023634631754e-12 -3.020404726926351e-12 -6.040809453852702e-12 -1.2081618907705403e-11 -2.4163237815410806e-11 -4.832647563082161e-11 -9.665295126164323e-11 -1.9330590252328645e-10 -3.866118050465729e-10 -7.732236100931458e-10 -1.5464472201862916e-09 -3.0928944403725832e-09 -6.1857888807451665e-09 -1.2371577761490333e-08 -2.4743155522980666e-08 -4.948631104596133e-08 -9.897262209192266e-08 -1.9794524418384533e-07 -3.9589048836769065e-07 -7.917809767353813e-07 -1.5835619534707626e-06 -3.1671239069415252e-06 -6.3342478138830504e-06 -1.2668495627766101e-05 -2.5336991255532202e-05 -5.0673982511064404e-05 -0.00010134796502212881 -0.00020269593004425761 -0.00040539186008851523 -0.0008107837201770305 -0.001621567440354061 -0.003243134880708122 -0.006486269761416244 -0.012972539522832487 -0.025945079045664975 -0.05189015809132995 -0.1037803161826599 -0.2075606323653198 -0.4151212647306396 -0.8302425294612792 -1.6604850589225584 -3.3209701178451168 -6.6419402356902335 
3.3209701178451168 1.6604850589225584 0.8302425294612792 0.4151212647306396 0.2075606323653198 0.1037803161826599 0.05189015809132995 0.025945079045664975 0.012972539522832487 0.006486269761416244 -4.127092001373643 0.001621567440354061 0.0008107837201770305 0.00040539186008851523 0.00020269593004425761 0.00010134796502212881 5.0673982511064404e-05 2.5336991255532202e-05 1.2668495627766101e-05 6.3342478138830504e-06 3.1671239069415252e-06 1.5835619534707626e-06 7.917809767353813e-07 3.9589048836769065e-07 1.9794524418384533e-07 9.897262209192266e-08 4.948631104596133e-08 2.4743155522980666e-08 1.2371577761490333e-08 6.1857888807451665e-09 3.0928944403725832e-09 1.5464472201862916e-09 7.732236100931458e-10 3.866118050465729e-10 1.9330590252328645e-10 9.665295126164323e-11 4.832647563082161e-11 2.4163237815410806e-11 1.2081618907705403e-11 6.040809453852702e-12 3.020404726926351e-12 1.5102023634631754e-12 7.551011817315877e-13 3.7755059086579385e-13 1.8877529543289693e-13 -1.8877529543289693e-13 -3.7755059086579385e-13 -7.551011817315877e-13 -1.5102023634631754e-12 -3.020404726926351e-12 -6.040809453852702e-12 -1.2081618907705403e-11 -2.4163237815410806e-11 -4.832647563082161e-11 -9.665295126164323e-11 -1.9330590252328645e-10 -3.866118050465729e-10 -7.732236100931458e-10 -1.5464472201862916e-09 -3.0928944403725832e-09 -6.1857888807451665e-09 -1.2371577761490333e-08 -2.4743155522980666e-08 -4.948631104596133e-08 -9.897262209192266e-08 -1.9794524418384533e-07 -3.9589048836769065e-07 -7.917809767353813e-07 -1.5835619534707626e-06 -3.1671239069415252e-06 -6.3342478138830504e-06 -1.2668495627766101e-05 -2.5336991255532202e-05 -5.0673982511064404e-05 -0.00010134796502212881 -0.00020269593004425761 -0.00040539186008851523 -0.0008107837201770305 -0.001621567440354061 -0.003243134880708122 -0.006486269761416244 -0.012972539522832487 -0.025945079045664975 -0.05189015809132995 -0.1037803161826599 -0.2075606323653198 -0.4151212647306396 -0.8302425294612792 -1.6604850589225584 -3.3209701178451168 
1.6604850589225584 0.8302425294612792 0.4151212647306396 0.2075606323653198 0.1037803161826599 0.05189015809132995 0.025945079045664975 0.012972539522832487 0.006486269761416244 0.003243134880708122 0.001621567440354061 -2.064356784406998 0.00040539186008851523 0.00020269593004425761 0.00010134796502212881 5.0673982511064404e-05 2.5336991255532202e-05 1.2668495627766101e-05 6.3342478138830504e-06 3.1671239069415252e-06 1.5835619534707626e-06 7.917809767353813e-07 3.9589048836769065e-07 1.9794524418384533e-07 9.897262209192266e-08 4.948631104596133e-08 2.4743155522980666e-08 1.2371577761490333e-08 6.1857888807451665e-09 3.0928944403725832e-09 1.5464472201862916e-09 7.732236100931458e-10 3.866118050465729e-10 1.9330590252328645e-10 9.665295126164323e-11 4.832647563082161e-11 2.4163237815410806e-11 1.2081618907705403e-11 6.040809453852702e-12 3.020404726926351e-12 1.5102023634631754e-12 7.551011817315877e-13 3.7755059086579385e-13 1.8877529543289693e-13 9.438764771644846e-14 -9.438764771644846e-14 -1.8877529543289693e-13 -3.7755059086579385e-13 -7.551011817315877e-13 -1.5102023634631754e-12 -3.020404726926351e-12 -6.040809453852702e-12 -1.2081618907705403e-11 -2.4163237815410806e-11 -4.832647563082161e-11 -9.665295126164323e-11 -1.9330590252328645e-10 -3.866118050465729e-10 -7.732236100931458e-10 -1.5464472201862916e-09 -3.0928944403725832e-09 -6.1857888807451665e-09 -1.2371577761490333e-08 -2.4743155522980666e-08 -4.948631104596133e-08 -9.897262209192266e-08 -1.9794524418384533e-07 -3.9589048836769065e-07 -7.917809767353813e-07 -1.5835619534707626e-06 -3.1671239069415252e-06 -6.3342478138830504e-06 -1.2668495627766101e-05 -2.5336991255532202e-05 -5.0673982511064404e-05 -0.00010134796502212881 -0.00020269593004425761 -0.00040539186008851523 -0.0008107837201770305 -0.001621567440354061 -0.003243134880708122 -0.006486269761416244 -0.012972539522832487 -0.025945079045664975 -0.05189015809132995 -0.1037803161826599 -0.2075606323653198 -0.4151212647306396 -0.8302425294612792 -1.6604850589225584 
0.8302425294612792 0.4151212647306396 0.2075606323653198 0.1037803161826599 0.05189015809132995 0.025945079045664975 0.012972539522832487 0.006486269761416244 0.003243134880708122 0.001621567440354061 0.0008107837201770305 0.00040539186008851523 -1.0323810881335433 0.00010134796502212881 5.0673982511064404e-05 2.5336991255532202e-05 1.2668495627766101e-05 6.3342478138830504e-06 3.1671239069415252e-06 1.5835619534707626e-06 7.917809767353813e-07 3.9589048836769065e-07 1.9794524418384533e-07 9.897262209192266e-08 4.948631104596133e-08 2.4743155522980666e-08 1.2371577761490333e-08 6.1857888807451665e-09 3.0928944403725832e-09 1.5464472201862916e-09 7.732236100931458e-10 3.866118050465729e-10 1.9330590252328645e-10 9.665295126164323e-11 4.832647563082161e-11 2.4163237815410806e-11 1.2081618907705403e-11 6.040809453852702e-12 3.020404726926351e-12 1.5102023634631754e-12 7.551011817315877e-13 3.7755059086579385e-13 1.8877529543289693e-13 9.438764771644846e-14 4.719382385822423e-14 -4.719382385822423e-14 -9.438764771644846e-14 -1.8877529543289693e-13 -3.7755059086579385e-13 -7.551011817315877e-13 -1.5102023634631754e-12 -3.020404726926351e-12 -6.040809453852702e-12 -1.2081618907705403e-11 -2.4163237815410806e-11 -4.832647563082161e-11 -9.665295126164323e-11 -1.9330590252328645e-10 -3.866118050465729e-10 -7.732236100931458e-10 -1.5464472201862916e-09 -3.0928944403725832e-09 -6.1857888807451665e-09 -1.2371577761490333e-08 -2.4743155522980666e-08 -4.948631104596133e-08 -9.897262209192266e-08 -1.9794524418384533e-07 -3.9589048836769065e-07 -7.917809767353813e-07 -1.5835619534707626e-06 -3.1671239069415252e-06 -6.3342478138830504e-06 -1.2668495627766101e-05 -2.5336991255532202e-05 -5.0673982511064404e-05 -0.00010134796502212881 -0.00020269593004425761 -0.00040539186008851523 -0.0008107837201770305 -0.001621567440354061 -0.003243134880708122 -0.006486269761416244 -0.012972539522832487 -0.025945079045664975 -0.05189015809132995 -0.1037803161826599 -0.2075606323653198 -0.4151212647306396 -0.8302425294612792 
0.4151212647306396 0.2075606323653198 0.1037803161826599 0.05189015809132995 0.025945079045664975 0.012972539522832487 0.006486269761416244 0.003243134880708122 0.001621567440354061 0.0008107837201770305 0.00040539186008851523 0.00020269593004425761 0.00010134796502212881 -0.5162412180492828 2.5336991255532202e-05 1.2668495627766101e-05 6.3342478138830504e-06 3.1671239069415252e-06 1.5835619534707626e-06 7.917809767353813e-07 3.9589048836769065e-07 1.9794524418384533e-07 9.897262209192266e-08 4.948631104596133e-08 2.4743155522980666e-08 1.2371577761490333e-08 6.1857888807451665e-09 3.0928944403725832e-09 1.5464472201862916e-09 7.732236100931458e-10 3.866118050465729e-10 1.9330590252328645e-10 9.665295126164323e-11 4.832647563082161e-11 2.4163237815410806e-11 1.2081618907705403e-11 6.040809453852702e-12 3.020404726926351e-12 1.5102023634631754e-12 7.551011817315877e-13 3.7755059086579385e-13 1.8877529543289693e-13 9.438764771644846e-14 4.719382385822423e-14 2.3596911929112116e-14 -2.3596911929112116e-14 -4.719382385822423e-14 -9.438764771644846e-14 -1.8877529543289693e-13 -3.7755059086579385e-13 -7.551011817315877e-13 -1.5102023634631754e-12 -3.020404726926351e-12 -6.040809453852702e-12 -1.2081618907705403e-11 -2.4163237815410806e-11 -4.832647563082161e-11 -9.665295126164323e-11 -1.9330590252328645e-10 -3.866118050465729e-10 -7.732236100931458e-10 -1.5464472201862916e-09 -3.0928944403725832e-09 -6.1857888807451665e-09 -1.2371577761490333e-08 -2.4743155522980666e-08 -4.948631104596133e-08 -9.897262209192266e-08 -1.9794524418384533e-07 -3.9589048836769065e-07 -7.917809767353813e-07 -1.5835619534707626e-06 -3.1671239069415252e-06 -6.3342478138830504e-06 -1.2668495627766101e-05 -2.5336991255532202e-05 -5.0673982511064404e-05 -0.00010134796502212881 -0.00020269593004425761 -0.00040539186008851523 -0.0008107837201770305 -0.001621567440354061 -0.003243134880708122 -0.006486269761416244 -0.012972539522832487 -0.025945079045664975 -0.05189015809132995 -0.1037803161826599 -0.2075606323653198 -0.4151212647306396 
0.2075606323653198 0.1037803161826599 0.05189015809132995 0.025945079045664975 0.012972539522832487 0.006486269761416244 0.003243134880708122 0.001621567440354061 0.0008107837201770305 0.00040539186008851523 0.00020269593004425761 0.00010134796502212881 5.0673982511064404e-05 2.5336991255532202e-05 -0.25813327752026916 6.3342478138830504e-06 3.1671239069415252e-06 1.5835619534707626e-06 7.917809767353813e-07 3.9589048836769065e-07 1.9794524418384533e-07 9.897262209192266e-08 4.948631104596133e-08 2.4743155522980666e-08 1.2371577761490333e-08 6.1857888807451665e-09 3.0928944403725832e-09 1.5464472201862916e-09 7.732236100931458e-10 3.866118050465729e-10 1.9330590252328645e-10 9.665295126164323e-11 4.832647563082161e-11 2.4163237815410806e-11 1.2081618907705403e-11 6.040809453852702e-12 3.020404726926351e-12 1.5102023634631754e-12 7.551011817315877e-13 3.7755059086579385e-13 1.8877529543289693e-13 9.438764771644846e-14 4.719382385822423e-14 2.3596911929112116e-14 1.1798455964556058e-14 -1.1798455964556058e-14 -2.3596911929112116e-14 -4.719382385822423e-14 -9.438764771644846e-14 -1.8877529543289693e-13 -3.7755059086579385e-13 -7.551011817315877e-13 -1.5102023634631754e-12 -3.020404726926351e-12 -6.040809453852702e-12 -1.2081618907705403e-11 -2.4163237815410806e-11 -4.832647563082161e-11 -9.665295126164323e-11 -1.9330590252328645e-10 -3.866118050465729e-10 -7.732236100931458e-10 -1.5464472201862916e-09 -3.0928944403725832e-09 -6.1857888807451665e-09 -1.2371577761490333e-08 -2.4743155522980666e-08 -4.948631104596133e-08 -9.897262209192266e-08 -1.9794524418384533e-07 -3.9589048836769065e-07 -7.917809767353813e-07 -1.5835619534707626e-06 -3.1671239069415252e-06 -6.3342478138830504e-06 -1.2668495627766101e-05 -2.5336991255532202e-05 -5.0673982511064404e-05 -0.00010134796502212881 -0.00020269593004425761 -0.00040539186008851523 -0.0008107837201770305 -0.001621567440354061 -0.003243134880708122 -0.006486269761416244 -0.012972539522832487 -0.025945079045664975 -0.05189015809132995 -0.1037803161826599 -0.2075606323653198 
0.1037803161826599 0.05189015809132995 0.025945079045664975 0.012972539522832487 0.006486269761416244 0.003243134880708122 0.001621567440354061 0.0008107837201770305 0.00040539186008851523 0.00020269593004425761 0.00010134796502212881 5.0673982511064404e-05 2.5336991255532202e-05 1.2668495627766101e-05 6.3342478138830504e-06 -0.12906980588404152 1.5835619534707626e-06 7.917809767353813e-07 3.9589048836769065e-07 1.9794524418384533e-07 9.897262209192266e-08 4.948631104596133e-08 2.4743155522980666e-08 1.2371577761490333e-08 6.1857888807451665e-09 3.0928944403725832e-09 1.5464472201862916e-09 7.732236100931458e-10 3.866118050465729e-10 1.9330590252328645e-10 9.665295126164323e-11 4.832647563082161e-11 2.4163237815410806e-11 1.2081618907705403e-11 6.040809453852702e-12 3.020404726926351e-12 1.5102023634631754e-12 7.551011817315877e-13 3.7755059086579385e-13 1.8877529543289693e-13 9.438764771644846e-14 4.719382385822423e-14 2.3596911929112116e-14 1.1798455964556058e-14 5.899227982278029e-15 -5.899227982278029e-15 -1.1798455964556058e-14 -2.3596911929112116e-14 -4.719382385822423e-14 -9.438764771644846e-14 -1.8877529543289693e-13 -3.7755059086579385e-13 -7.551011817315877e-13 -1.5102023634631754e-12 -3.020404726926351e-12 -6.040809453852702e-12 -1.2081618907705403e-11 -2.4163237815410806e-11 -4.832647563082161e-11 -9.665295126164323e-11 -1.9330590252328645e-10 -3.866118050465729e-10 -7.732236100931458e-10 -1.5464472201862916e-09 -3.0928944403725832e-09 -6.1857888807451665e-09 -1.2371577761490333e-08 -2.4743155522980666e-08 -4.948631104596133e-08 -9.897262209192266e-08 -1.9794524418384533e-07 -3.9589048836769065e-07 -7.917809767353813e-07 -1.5835619534707626e-06 -3.1671239069415252e-06 -6.3342478138830504e-06 -1.2668495627766101e-05 -2.5336991255532202e-05 -5.0673982511064404e-05 -0.00010134796502212881 -0.00020269593004425761 -0.00040539186008851523 -0.0008107837201770305 -0.001621567440354061 -0.003243134880708122 -0.006486269761416244 -0.012972539522832487 -0.025945079045664975 -0.05189015809132995 -0.1037803161826599 
0.05189015809132995 0.025945079045664975 0.012972539522832487 0.006486269761416244 0.003243134880708122 0.001621567440354061 0.0008107837201770305 0.00040539186008851523 0.00020269593004425761 0.00010134796502212881 5.0673982511064404e-05 2.5336991255532202e-05 1.2668495627766101e-05 6.3342478138830504e-06 3.1671239069415252e-06 1.5835619534707626e-06 -0.06453569472299749 3.9589048836769065e-07 1.9794524418384533e-07 9.897262209192266e-08 4.948631104596133e-08 2.4743155522980666e-08 1.2371577761490333e-08 6.1857888807451665e-09 3.0928944403725832e-09 1.5464472201862916e-09 7.732236100931458e-10 3.866118050465729e-10 1.9330590252328645e-10 9.665295126164323e-11 4.832647563082161e-11 2.4163237815410806e-11 1.2081618907705403e-11 6.040809453852702e-12 3.020404726926351e-12 1.5102023634631754e-12 7.551011817315877e-13 3.7755059086579385e-13 1.8877529543289693e-13 9.438764771644846e-14 4.719382385822423e-14 2.3596911929112116e-14 1.1798455964556058e-14 5.899227982278029e-15 2.9496139911390145e-15 -2.9496139911390145e-15 -5.899227982278029e-15 -1.1798455964556058e-14 -2.3596911929112116e-14 -4.719382385822423e-14 -9.438764771644846e-14 -1.8877529543289693e-13 -3.7755059086579385e-13 -7.551011817315877e-13 -1.5102023634631754e-12 -3.020404726926351e-12 -6.040809453852702e-12 -1.2081618907705403e-11 -2.4163237815410806e-11 -4.832647563082161e-11 -9.665295126164323e-11 -1.9330590252328645e-10 -3.866118050465729e-10 -7.732236100931458e-10 -1.5464472201862916e-09 -3.0928944403725832e-09 -6.1857888807451665e-09 -1.2371577761490333e-08 -2.4743155522980666e-08 -4.948631104596133e-08 -9.897262209192266e-08 -1.9794524418384533e-07 -3.9589048836769065e-07 -7.917809767353813e-07 -1.5835619534707626e-06 -3.1671239069415252e-06 -6.3342478138830504e-06 -1.2668495627766101e-05 -2.5336991255532202e-05 -5.0673982511064404e-05 -0.00010134796502212881 -0.00020269593004425761 -0.00040539186008851523 -0.0008107837201770305 -0.001621567440354061 -0.003243134880708122 -0.006486269761416244 -0.012972539522832487 -0.025945079045664975 -0.05189015809132995 
0.025945079045664975 0.012972539522832487 0.006486269761416244 0.003243134880708122 0.001621567440354061 0.0008107837201770305 0.00040539186008851523 0.00020269593004425761 0.00010134796502212881 5.0673982511064404e-05 2.5336991255532202e-05 1.2668495627766101e-05 6.3342478138830504e-06 3.1671239069415252e-06 1.5835619534707626e-06 7.917809767353813e-07 3.9589048836769065e-07 -0.03226804530674293 9.897262209192266e-08 4.948631104596133e-08 2.4743155522980666e-08 1.2371577761490333e-08 6.1857888807451665e-09 3.0928944403725832e-09 1.5464472201862916e-09 7.732236100931458e-10 3.866118050465729e-10 1.9330590252328645e-10 9.665295126164323e-11 4.832647563082161e-11 2.4163237815410806e-11 1.2081618907705403e-11 6.040809453852702e-12 3.020404726926351e-12 1.5102023634631754e-12 7.551011817315877e-13 3.7755059086579385e-13 1.8877529543289693e-13 9.438764771644846e-14 4.719382385822423e-14 2.3596911929112116e-14 1.1798455964556058e-14 5.899227982278029e-15 2.9496139911390145e-15 1.4748069955695072e-15 -1.4748069955695072e-15 -2.9496139911390145e-15 -5.899227982278029e-15 -1.1798455964556058e-14 -2.3596911929112116e-14 -4.719382385822423e-14 -9.438764771644846e-14 -1.8877529543289693e-13 -3.7755059086579385e-13 -7.551011817315877e-13 -1.5102023634631754e-12 -3.020404726926351e-12 -6.040809453852702e-12 -1.2081618907705403e-11 -2.4163237815410806e-11 -4.832647563082161e-11 -9.665295126164323e-11 -1.9330590252328645e-10 -3.866118050465729e-10 -7.732236100931458e-10 -1.5464472201862916e-09 -3.0928944403725832e-09 -6.1857888807451665e-09 -1.2371577761490333e-08 -2.4743155522980666e-08 -4.948631104596133e-08 -9.897262209192266e-08 -1.9794524418384533e-07 -3.9589048836769065e-07 -7.917809767353813e-07 -1.5835619534707626e-06 -3.1671239069415252e-06 -6.3342478138830504e-06 -1.2668495627766101e-05 -2.5336991255532202e-05 -5.0673982511064404e-05 -0.00010134796502212881 -0.00020269593004425761 -0.00040539186008851523 -0.0008107837201770305 -0.001621567440354061 -0.003243134880708122 -0.006486269761416244 -0.012972539522832487 -0.025945079045664975 
0.012972539522832487 0.006486269761416244 0.003243134880708122 0.001621567440354061 0.0008107837201770305 0.00040539186008851523 0.00020269593004425761 0.00010134796502212881 5.0673982511064404e-05 2.5336991255532202e-05 1.2668495627766101e-05 6.3342478138830504e-06 3.1671239069415252e-06 1.5835619534707626e-06 7.917809767353813e-07 3.9589048836769065e-07 1.9794524418384533e-07 9.897262209192266e-08 -0.01613407213968251 2.4743155522980666e-08 1.2371577761490333e-08 6.1857888807451665e-09 3.0928944403725832e-09 1.5464472201862916e-09 7.732236100931458e-10 3.866118050465729e-10 1.9330590252328645e-10 9.665295126164323e-11 4.832647563082161e-11 2.4163237815410806e-11 1.2081618907705403e-11 6.040809453852702e-12 3.020404726926351e-12 1.5102023634631754e-12 7.551011817315877e-13 3.7755059086579385e-13 1.8877529543289693e-13 9.438764771644846e-14 4.719382385822423e-14 2.3596911929112116e-14 1.1798455964556058e-14 5.899227982278029e-15 2.9496139911390145e-15 1.4748069955695072e-15 7.374034977847536e-16 -7.374034977847536e-16 -1.4748069955695072e-15 -2.9496139911390145e-15 -5.899227982278029e-15 -1.1798455964556058e-14 -2.3596911929112116e-14 -4.719382385822423e-14 -9.438764771644846e-14 -1.8877529543289693e-13 -3.7755059086579385e-13 -7.551011817315877e-13 -1.5102023634631754e-12 -3.020404726926351e-12 -6.040809453852702e-12 -1.2081618907705403e-11 -2.4163237815410806e-11 -4.832647563082161e-11 -9.665295126164323e-11 -1.9330590252328645e-10 -3.866118050465729e-10 -7.732236100931458e-10 -1.5464472201862916e-09 -3.0928944403725832e-09 -6.1857888807451665e-09 -1.2371577761490333e-08 -2.4743155522980666e-08 -4.948631104596133e-08 -9.897262209192266e-08 -1.9794524418384533e-07 -3.9589048836769065e-07 -7.917809767353813e-07 -1.5835619534707626e-06 -3.1671239069415252e-06 -6.3342478138830504e-06 -1.2668495627766101e-05 -2.5336991255532202e-05 -5.0673982511064404e-05 -0.00010134796502212881 -0.00020269593004425761 -0.00040539186008851523 -0.0008107837201770305 -0.001621567440354061 -0.003243134880708122 -0.006486269761416244 -0.012972539522832487 
