-2020.5329582751738 1700.3367003366998 850.1683501683499 425.08417508417494 212.54208754208747 106.27104377104374 53.13552188552187 -53.13552188552187 -106.27104377104374 -212.54208754208747 -425.08417508417494 -850.1683501683499 -1700.3367003366998 -3400.6734006733996 
1700.3367003366998 -1860.4348293059368 425.08417508417494 212.54208754208747 106.27104377104374 53.13552188552187 26.567760942760934 -26.567760942760934 -53.13552188552187 -106.27104377104374 -212.54208754208747 -425.08417508417494 -850.1683501683499 -1700.3367003366998 
850.1683501683499 425.08417508417494 -1142.7595021950558 106.27104377104374 53.13552188552187 26.567760942760934 13.283880471380467 -13.283880471380467 -26.567760942760934 -53.13552188552187 -106.27104377104374 -212.54208754208747 -425.08417508417494 -850.1683501683499 
425.08417508417494 212.54208754208747 106.27104377104374 -624.5152729830498 26.567760942760934 13.283880471380467 6.6419402356902335 -6.6419402356902335 -13.283880471380467 -26.567760942760934 -53.13552188552187 -106.27104377104374 -212.54208754208747 -425.08417508417494 
212.54208754208747 106.27104377104374 53.13552188552187 26.567760942760934 -325.54151696290535 6.6419402356902335 3.3209701178451168 -3.3209701178451168 -6.6419402356902335 -13.283880471380467 -26.567760942760934 -53.13552188552187 -106.27104377104374 -212.54208754208747 
106.27104377104374 53.13552188552187 26.567760942760934 13.283880471380467 6.6419402356902335 -166.0917285992978 1.6604850589225584 -1.6604850589225584 -3.3209701178451168 -6.6419402356902335 -13.283880471380467 -26.567760942760934 -53.13552188552187 -106.27104377104374 
53.13552188552187 26.567760942760934 13.283880471380467 6.6419402356902335 3.3209701178451168 1.6604850589225584 -83.87610682911019 -0.8302425294612792 -1.6604850589225584 -3.3209701178451168 -6.6419402356902335 -13.283880471380467 -26.567760942760934 -53.13552188552187 
-53.13552188552187 -26.567760942760934 -13.283880471380467 -6.6419402356902335 -3.3209701178451168 -1.6604850589225584 -0.8302425294612792 85.53659188803273 1.6604850589225584 3.3209701178451168 6.6419402356902335 13.283880471380467 26.567760942760934 53.13552188552187 
-106.27104377104374 -53.13552188552187 -26.567760942760934 -13.283880471380467 -6.6419402356902335 -3.3209701178451168 -1.6604850589225584 1.6604850589225584 172.73366883498804 6.6419402356902335 13.283880471380467 26.567760942760934 53.13552188552187 106.27104377104374 
-212.54208754208747 -106.27104377104374 -53.13552188552187 -26.567760942760934 -13.283880471380467 -6.6419402356902335 -3.3209701178451168 3.3209701178451168 6.6419402356902335 352.1092779056663 26.567760942760934 53.13552188552187 106.27104377104374 212.54208754208747 
-425.08417508417494 -212.54208754208747 -106.27104377104374 -53.13552188552187 -26.567760942760934 -13.283880471380467 -6.6419402356902335 6.6419402356902335 13.283880471380467 26.567760942760934 730.7863167540935 106.27104377104374 212.54208754208747 425.08417508417494 
-850.1683501683499 -425.08417508417494 -212.54208754208747 -106.27104377104374 -53.13552188552187 -26.567760942760934 -13.283880471380467 13.283880471380467 26.567760942760934 53.13552188552187 106.27104377104374 1567.8436772792309 425.08417508417494 850.1683501683499 
-1700.3367003366998 -850.1683501683499 -425.08417508417494 -212.54208754208747 -106.27104377104374 -53.13552188552187 -26.567760942760934 26.567760942760934 53.13552188552187 106.27104377104374 212.54208754208747 425.08417508417494 3560.771529642637 1700.3367003366998 
-3400.6734006733996 -1700.3367003366998 -850.1683501683499 -425.08417508417494 -212.54208754208747 -106.27104377104374 -53.13552188552187 53.13552188552187 106.27104377104374 212.54208754208747 425.08417508417494 850.1683501683499 1700.3367003366998 8821.879759621974 

