-11.8 4.8 2.4 3.5999999999999996 4.8 2.4 1.2 3.5999999999999996 2.4 4.8 3.5999999999999996 1.2 2.4 4.8 3.5999999999999996 3.5999999999999996 4.8 2.4 4.8 2.4 1.2 2.4 4.8 3.5999999999999996 1.2 2.4 4.8 
4.8 -31.8 9.6 14.399999999999999 19.2 9.6 4.8 14.399999999999999 9.6 19.2 14.399999999999999 4.8 9.6 19.2 14.399999999999999 14.399999999999999 19.2 9.6 19.2 9.6 4.8 9.6 19.2 14.399999999999999 4.8 9.6 19.2 
2.4 9.6 -21.2 7.199999999999999 9.6 4.8 2.4 7.199999999999999 4.8 9.6 7.199999999999999 2.4 4.8 9.6 7.199999999999999 7.199999999999999 9.6 4.8 9.6 4.8 2.4 4.8 9.6 7.199999999999999 2.4 4.8 9.6 
3.5999999999999996 14.399999999999999 7.199999999999999 -29.200000000000003 14.399999999999999 7.199999999999999 3.5999999999999996 10.799999999999999 7.199999999999999 14.399999999999999 10.799999999999999 3.5999999999999996 7.199999999999999 14.399999999999999 10.799999999999999 10.799999999999999 14.399999999999999 7.199999999999999 14.399999999999999 7.199999999999999 3.5999999999999996 7.199999999999999 14.399999999999999 10.799999999999999 3.5999999999999996 7.199999999999999 14.399999999999999 
4.8 19.2 9.6 14.399999999999999 -32.8 9.6 4.8 14.399999999999999 9.6 19.2 14.399999999999999 4.8 9.6 19.2 14.399999999999999 14.399999999999999 19.2 9.6 19.2 9.6 4.8 9.6 19.2 14.399999999999999 4.8 9.6 19.2 
2.4 9.6 4.8 7.199999999999999 9.6 -23.2 2.4 7.199999999999999 4.8 9.6 7.199999999999999 2.4 4.8 9.6 7.199999999999999 7.199999999999999 9.6 4.8 9.6 4.8 2.4 4.8 9.6 7.199999999999999 2.4 4.8 9.6 
1.2 4.8 2.4 3.5999999999999996 4.8 2.4 -11.8 3.5999999999999996 2.4 4.8 3.5999999999999996 1.2 2.4 4.8 3.5999999999999996 3.5999999999999996 4.8 2.4 4.8 2.4 1.2 2.4 4.8 3.5999999999999996 1.2 2.4 4.8 
3.5999999999999996 14.399999999999999 7.199999999999999 10.799999999999999 14.399999999999999 7.199999999999999 3.5999999999999996 -28.200000000000003 7.199999999999999 14.399999999999999 10.799999999999999 3.5999999999999996 7.199999999999999 14.399999999999999 10.799999999999999 10.799999999999999 14.399999999999999 7.199999999999999 14.399999999999999 7.199999999999999 3.5999999999999996 7.199999999999999 14.399999999999999 10.799999999999999 3.5999999999999996 7.199999999999999 14.399999999999999 
2.4 9.6 4.8 7.199999999999999 9.6 4.8 2.4 7.199999999999999 -21.2 9.6 7.199999999999999 2.4 4.8 9.6 7.199999999999999 7.199999999999999 9.6 4.8 9.6 4.8 2.4 4.8 9.6 7.199999999999999 2.4 4.8 9.6 
4.8 19.2 9.6 14.399999999999999 19.2 9.6 4.8 14.399999999999999 9.6 -32.8 14.399999999999999 4.8 9.6 19.2 14.399999999999999 14.399999999999999 19.2 9.6 19.2 9.6 4.8 9.6 19.2 14.399999999999999 4.8 9.6 19.2 
3.5999999999999996 14.399999999999999 7.199999999999999 10.799999999999999 14.399999999999999 7.199999999999999 3.5999999999999996 10.799999999999999 7.199999999999999 14.399999999999999 -28.200000000000003 3.5999999999999996 7.199999999999999 14.399999999999999 10.799999999999999 10.799999999999999 14.399999999999999 7.199999999999999 14.399999999999999 7.199999999999999 3.5999999999999996 7.199999999999999 14.399999999999999 10.799999999999999 3.5999999999999996 7.199999999999999 14.399999999999999 
1.2 4.8 2.4 3.5999999999999996 4.8 2.4 1.2 3.5999999999999996 2.4 4.8 3.5999999999999996 -11.8 2.4 4.8 3.5999999999999996 3.5999999999999996 4.8 2.4 4.8 2.4 1.2 2.4 4.8 3.5999999999999996 1.2 2.4 4.8 
2.4 9.6 4.8 7.199999999999999 9.6 4.8 2.4 7.199999999999999 4.8 9.6 7.199999999999999 2.4 -21.2 9.6 7.199999999999999 7.199999999999999 9.6 4.8 9.6 4.8 2.4 4.8 9.6 7.199999999999999 2.4 4.8 9.6 
4.8 19.2 9.6 14.399999999999999 19.2 9.6 4.8 14.399999999999999 9.6 19.2 14.399999999999999 4.8 9.6 -32.8 14.399999999999999 14.399999999999999 19.2 9.6 19.2 9.6 4.8 9.6 19.2 14.399999999999999 4.8 9.6 19.2 
3.5999999999999996 14.399999999999999 7.199999999999999 10.799999999999999 14.399999999999999 7.199999999999999 3.5999999999999996 10.799999999999999 7.199999999999999 14.399999999999999 10.799999999999999 3.5999999999999996 7.199999999999999 14.399999999999999 -26.200000000000003 10.799999999999999 14.399999999999999 7.199999999999999 14.399999999999999 7.199999999999999 3.5999999999999996 7.199999999999999 14.399999999999999 10.799999999999999 3.5999999999999996 7.199999999999999 14.399999999999999 
3.5999999999999996 14.399999999999999 7.199999999999999 10.799999999999999 14.399999999999999 7.199999999999999 3.5999999999999996 10.799999999999999 7.199999999999999 14.399999999999999 10.799999999999999 3.5999999999999996 7.199999999999999 14.399999999999999 10.799999999999999 -29.200000000000003 14.399999999999999 7.199999999999999 14.399999999999999 7.199999999999999 3.5999999999999996 7.199999999999999 14.399999999999999 10.799999999999999 3.5999999999999996 7.199999999999999 14.399999999999999 
4.8 19.2 9.6 14.399999999999999 19.2 9.6 4.8 14.399999999999999 9.6 19.2 14.399999999999999 4.8 9.6 19.2 14.399999999999999 14.399999999999999 -29.8 9.6 19.2 9.6 4.8 9.6 19.2 14.399999999999999 4.8 9.6 19.2 
2.4 9.6 4.8 7.199999999999999 9.6 4.8 2.4 7.199999999999999 4.8 9.6 7.199999999999999 2.4 4.8 9.6 7.199999999999999 7.199999999999999 9.6 -20.2 9.6 4.8 2.4 4.8 9.6 7.199999999999999 2.4 4.8 9.6 
4.8 19.2 9.6 14.399999999999999 19.2 9.6 4.8 14.399999999999999 9.6 19.2 14.399999999999999 4.8 9.6 19.2 14.399999999999999 14.399999999999999 19.2 9.6 -32.8 9.6 4.8 9.6 19.2 14.399999999999999 4.8 9.6 19.2 
2.4 9.6 4.8 7.199999999999999 9.6 4.8 2.4 7.199999999999999 4.8 9.6 7.199999999999999 2.4 4.8 9.6 7.199999999999999 7.199999999999999 9.6 4.8 9.6 -23.2 2.4 4.8 9.6 7.199999999999999 2.4 4.8 9.6 
1.2 4.8 2.4 3.5999999999999996 4.8 2.4 1.2 3.5999999999999996 2.4 4.8 3.5999999999999996 1.2 2.4 4.8 3.5999999999999996 3.5999999999999996 4.8 2.4 4.8 2.4 -12.8 2.4 4.8 3.5999999999999996 1.2 2.4 4.8 
2.4 9.6 4.8 7.199999999999999 9.6 4.8 2.4 7.199999999999999 4.8 9.6 7.199999999999999 2.4 4.8 9.6 7.199999999999999 7.199999999999999 9.6 4.8 9.6 4.8 2.4 -20.2 9.6 7.199999999999999 2.4 4.8 9.6 
4.8 19.2 9.6 14.399999999999999 19.2 9.6 4.8 14.399999999999999 9.6 19.2 14.399999999999999 4.8 9.6 19.2 14.399999999999999 14.399999999999999 19.2 9.6 19.2 9.6 4.8 9.6 -32.8 14.399999999999999 4.8 9.6 19.2 
3.5999999999999996 14.399999999999999 7.199999999999999 10.799999999999999 14.399999999999999 7.199999999999999 3.5999999999999996 10.799999999999999 7.199999999999999 14.399999999999999 10.799999999999999 3.5999999999999996 7.199999999999999 14.399999999999999 10.799999999999999 10.799999999999999 14.399999999999999 7.199999999999999 14.399999999999999 7.199999999999999 3.5999999999999996 7.199999999999999 14.399999999999999 -26.200000000000003 3.5999999999999996 7.199999999999999 14.399999999999999 
1.2 4.8 2.4 3.5999999999999996 4.8 2.4 1.2 3.5999999999999996 2.4 4.8 3.5999999999999996 1.2 2.4 4.8 3.5999999999999996 3.5999999999999996 4.8 2.4 4.8 2.4 1.2 2.4 4.8 3.5999999999999996 -10.8 2.4 4.8 
2.4 9.6 4.8 7.199999999999999 9.6 4.8 2.4 7.199999999999999 4.8 9.6 7.199999999999999 2.4 4.8 9.6 7.199999999999999 7.199999999999999 9.6 4.8 9.6 4.8 2.4 4.8 9.6 7.199999999999999 2.4 -19.2 9.6 
4.8 19.2 9.6 14.399999999999999 19.2 9.6 4.8 14.399999999999999 9.6 19.2 14.399999999999999 4.8 9.6 19.2 14.399999999999999 14.399999999999999 19.2 9.6 19.2 9.6 4.8 9.6 19.2 14.399999999999999 4.8 9.6 -28.8 

