-32.8 14.399999999999999 9.6 19.2 14.399999999999999 4.8 9.6 19.2 
14.399999999999999 -27.200000000000003 7.199999999999999 14.399999999999999 10.799999999999999 3.5999999999999996 7.199999999999999 14.399999999999999 
9.6 7.199999999999999 -23.2 9.6 7.199999999999999 2.4 4.8 9.6 
19.2 14.399999999999999 9.6 -31.8 14.399999999999999 4.8 9.6 19.2 
14.399999999999999 10.799999999999999 7.199999999999999 14.399999999999999 -26.200000000000003 3.5999999999999996 7.199999999999999 14.399999999999999 
4.8 3.5999999999999996 2.4 4.8 3.5999999999999996 -10.8 2.4 4.8 
9.6 7.199999999999999 4.8 9.6 7.199999999999999 2.4 -19.2 9.6 
19.2 14.399999999999999 9.6 19.2 14.399999999999999 4.8 9.6 -28.8 

