-30.8 4.8 9.6 19.2 4.8 9.6 19.2 
4.8 -13.8 2.4 4.8 1.2 2.4 4.8 
9.6 2.4 -20.2 9.6 2.4 4.8 9.6 
19.2 4.8 9.6 -31.8 4.8 9.6 19.2 
4.8 1.2 2.4 4.8 -10.8 2.4 4.8 
9.6 2.4 4.8 9.6 2.4 -19.2 9.6 
19.2 4.8 9.6 19.2 4.8 9.6 -28.8 

