-25.999999999999996 9.6 9.6 2.4 4.8 9.6 
9.6 -41.39999999999999 19.2 4.8 9.6 19.2 
9.6 19.2 -41.39999999999999 4.8 9.6 19.2 
2.4 4.8 4.8 -13.2 2.4 4.8 
4.8 9.6 9.6 2.4 -23.999999999999996 9.6 
9.6 19.2 19.2 4.8 9.6 -38.39999999999999 

